tree
version=v4
num_class=1
num_tree_per_iteration=1
label_index=0
max_feature_idx=9
objective=binary sigmoid:1
feature_names=Column_0 Column_1 Column_2 Column_3 Column_4 Column_5 Column_6 Column_7 Column_8 Column_9
feature_infos=[0:0.7162229260923314] [0.46506071389014014:20.4209205808591] [-0.37954567924312732:0.12944539678761882] [-70000000:70000000] [0:100000000] [1.1167821838269782:52.547015713236391] [0.002486825329792055:0.67170969324328145] [0:13428575.189825613] [-0.24085745773956885:0.48005684740359889] -1:2:1
tree_sizes=1735 1773 1778 1788 1772 1786 1765 1781 1773 1771 1788 1776 1769 1793 1773 1771 1793 1790 1759 1785 1773 1789 1775 1780 1763 1771 1785 1770 1791 1783 1775 1795 1783 1777 1774 1796 1809 1791 1781 1783 1799 1798 1790 1801 1768 1796 1800 1766 1795 1785

Tree=0
num_leaves=15
num_cat=0
split_feature=7 0 2 2 0 1 7 2 1 1 2 8 8 6
split_gain=3845.89 1929.69 1629.58 1897.15 1061.71 1028.67 983.812 976.861 730.849 795.65 1089.47 749.073 450.916 597.189
threshold=23899.325918171362 0.42243372439126181 -0.31487392158386673 -0.16030334578401811 0.36687286031879046 1.5741378500157353 21705.266040297709 0.12578483119198183 1.4529386806145701 1.9275368684270942 -0.11885028322426848 0.027332776835371341 0.11798043861503268 0.3882832195454804
decision_type=2 2 2 2 2 2 2 2 2 2 2 2 2 2
left_child=1 4 -3 5 12 -4 -5 8 -2 11 -11 -10 13 -1
right_child=7 2 3 6 -6 -7 -8 -9 9 10 -12 -13 -14 -15
leaf_value=-0.31098915109030834 -0.30491855071721347 -0.32203965313998489 -0.31514603533390079 -0.32176914172876875 -0.32226852094113673 -0.30890250664329222 -0.30410460554276431 -0.32323155065578418 -0.31764751966176685 -0.30543732001299095 -0.31296979109107131 -0.30799059594824624 -0.30397711329457627 -0.32293327540222599
leaf_weight=228.29856026172638 277.56812134385109 800.02059578895569 1292.7162066102028 872.21757638454437 2362.4998447597027 1345.1565810292959 86.099777534604073 234.15236949920654 1451.5007821768522 503.42759442329407 10230.995094805956 232.44500847160816 87.075412407517433 192.20006996393204
leaf_count=936 1138 3280 5300 3576 9686 5515 353 960 5951 2064 41946 953 357 788
internal_value=-0.31476 -0.31767 -0.315588 -0.314152 -0.320859 -0.311963 -0.320175 -0.313124 -0.312937 -0.313117 -0.312616 -0.316311 -0.314303 -0.316446
internal_weight=20196.4 7266.28 4396.21 3596.19 2870.07 2637.87 958.317 12930.1 12695.9 12418.4 10734.4 1683.95 507.574 420.499
internal_count=82803 29791 18024 14744 11767 10815 3929 53012 52052 50914 44010 6904 2081 1724
is_linear=0
shrinkage=1


Tree=1
num_leaves=15
num_cat=0
split_feature=7 0 5 5 5 0 5 7 6 0 1 5 8 1
split_gain=3808.34 1913.41 1685.87 1737.81 1068.12 1053.31 940.315 1352.07 1154.08 1109.06 1064.7 754.217 752.914 861.436
threshold=23899.325918171362 0.42243372439126181 1.2816729187972631 1.4567170705890871 1.3086051152408287 0.36687286031879046 2.4221164630192429 157807.67965988224 0.31041528899807297 0.31174354098849238 2.6921920834866273 1.1199657731962522 0.083090973827923562 10.983174354657121
decision_type=2 2 2 2 2 2 2 2 2 2 2 2 2 2
left_child=1 5 11 4 -4 -1 8 -8 -2 10 -10 -3 13 -9
right_child=6 2 3 -5 -6 -7 7 12 9 -11 -12 -13 -14 -15
leaf_value=0.00045447637654940206 0.0049302415386715381 0.011672385784501495 0.00089553958658946851 -0.00821857801456451 0.0092823003160295518 -0.0074798980486395243 0.0096576202221839384 -0.0025067493877991903 -0.0060863802776645092 0.0032391124753179323 -2.2459426285475106e-05 -0.0039052429909028821 0.0099060352400883664 0.0053352109871970298
leaf_weight=507.60368503630161 1555.4091176837683 79.644396603107452 772.39428344368935 295.36613410711288 747.71454894542694 2359.7000800669193 815.37007266283035 914.43762066960335 828.86389151215553 2307.4079187214375 5697.4526705145836 2500.4903635382652 247.65575066208839 566.7578332722187
leaf_count=2081 6374 326 3166 1212 3063 9686 3342 3748 3399 9457 23354 10257 1015 2323
internal_value=0 -0.00289725 -0.000823635 0.00286662 0.00502418 -0.00607456 0.00162703 0.00435137 0.000959445 0.00025976 -0.000793388 -0.00342125 0.00184529 0.000492963
internal_weight=20196.3 7262.91 4395.61 1815.47 1520.11 2867.3 12933.4 2544.22 10389.1 8833.72 6526.32 2580.13 1728.85 1481.2
internal_count=82803 29791 18024 7441 6229 11767 53012 10428 42584 36210 26753 10583 7086 6071
is_linear=0
shrinkage=0.005


Tree=2
num_leaves=15
num_cat=0
split_feature=7 0 2 2 3 1 2 7 2 0 1 7 7 7
split_gain=3771.18 1897.32 1608.85 1869.25 1132.83 1057.17 1698.7 1349.57 1339.9 1045.03 1006.31 966.007 911.132 1044.16
threshold=23899.325918171362 0.42243372439126181 -0.31487392158386673 -0.16030334578401811 -0.86172992820007699 15.112827140453616 -8.4974527414516371e-12 50012.966460191681 0.12578483119198183 0.36687286031879046 1.5741378500157353 21705.266040297709 36226.298777936223 29721.721309731682
decision_type=2 2 2 2 2 2 2 2 2 2 2 2 2 2
left_child=1 9 -3 10 12 7 -7 -6 -9 -1 -4 -5 13 -2
right_child=4 2 3 11 5 6 -8 8 -10 -11 -12 -13 -14 -15
leaf_value=0.00045217429857456992 0.001018718053912609 -0.0072371706512985084 -0.00037391349795564245 -0.0069634079455668267 0.0016066711842362294 -0.0066329640961851708 0.0059759087349115026 0.0074553714898069482 -0.0083250640575024439 -0.0074515277599729044 0.0057996934378752151 0.010516752715745181 -0.0014830361694589415 0.0097091660485697107
leaf_weight=507.63962042331696 2271.6984315961599 798.61720740795135 1292.2162251770496 870.58408072590828 2851.5543880015612 642.20463740825653 456.48474173247814 2454.0837035775185 141.7642876803875 2356.84994328022 1347.1746009290218 86.374538451433182 3711.3506662398577 407.41402418911457
leaf_count=2081 9309 3280 5300 3576 11686 2632 1871 10052 582 9686 5515 353 15211 1669
internal_value=0 -0.00288415 -0.000819637 0.000605574 0.0016185 0.00308033 -0.00139161 0.00398278 0.00659117 -0.00605014 0.00277672 -0.00537838 0.000120549 0.00234278
internal_weight=20196 7259.46 4394.97 3596.35 12936.6 6546.09 1098.69 5447.4 2595.85 2864.49 2639.39 956.959 6390.46 2679.11
internal_count=82803 29791 18024 14744 53012 26823 4503 22320 10634 11767 10815 3929 26189 10978
is_linear=0
shrinkage=0.005


Tree=3
num_leaves=15
num_cat=1
split_feature=0 0 5 5 5 3 5 2 5 1 6 5 9 5
split_gain=3487.46 2091.6 1657.16 1709.4 1048.95 995.439 1387.37 947.467 947.284 916.514 925.346 913.389 840.22 868.675
threshold=0.36989354441652328 0.42243372439126181 1.2816729187972631 1.4567170705890871 1.3086051152408287 -0.86172992820007699 2.4565748266012024 -0.31266800721517352 1.1299483374408508 1.4529386806145701 0.30987963421346676 1.2695352979966048 0 2.1920803104026487
decision_type=2 2 2 2 2 2 2 2 2 2 2 2 1 2
left_child=5 8 7 4 -4 9 12 -3 -2 -1 -11 -9 13 -7
right_child=1 2 3 -5 -6 6 -8 11 -10 10 -12 -13 -14 -15
leaf_value=0.0094984414163760585 0.011696960493483248 -0.0077756399225157175 0.00088325236499861798 -0.0081689862454290413 0.0091890819790838504 0.0017290845990714115 0.0068225517652524791 0.0006322439652364847 -0.0070757261329117676 0.0036898048146377592 -0.0012149878794133922 -0.0080838531645405984 -0.0045511203011936461 0.011740404894667994
leaf_weight=248.55177757143974 68.586445018649101 834.0208173841238 772.67458166182041 294.71423089504242 749.35140247642994 4437.4793272018433 1647.9541762024164 1358.1606765538454 2417.8618573248386 1186.6749611347914 5059.2163025140762 385.3369315713644 507.54435767233372 227.44945994019508
leaf_count=1017 281 3429 3166 1212 3063 18183 6741 5573 9947 4858 20740 1581 2081 931
internal_value=0 -0.00289023 -0.000815682 0.00284044 0.00497585 0.00149361 0.0028276 -0.00339368 -0.00655465 9.21569e-05 -0.000282491 -0.00129447 0.00155379 0.00221895
internal_weight=20195.6 6880.71 4394.26 1816.74 1522.03 13314.9 6820.43 2577.52 2486.45 6494.44 6245.89 1743.5 5172.47 4664.93
internal_count=82803 28252 18024 7441 6229 54551 27936 10583 10228 26615 25598 7154 21195 19114
cat_boundaries=0 1
cat_threshold=4
is_linear=0
shrinkage=0.005


Tree=4
num_leaves=15
num_cat=0
split_feature=7 0 5 5 3 5 8 5 0 5 7 5 5 5
split_gain=3700.63 1867.19 1641.05 1692.59 1110.09 1230.44 1150.37 1036.24 1028.59 998.285 832.873 1393.66 1316.87 737.481
threshold=23899.325918171362 0.42243372439126181 1.2816729187972631 1.4567170705890871 -0.86172992820007699 2.4565748266012024 -0.0056949456063829776 1.3086051152408287 0.36687286031879046 1.1750272285020442 237485.23868586545 1.5866933847752973 1.688154461239965 1.1199657731962522
decision_type=2 2 2 2 2 2 2 2 2 2 2 2 2 2
left_child=1 8 13 7 6 10 9 -4 -1 -2 12 -12 -6 -3
right_child=4 2 3 -5 5 -7 -8 -9 -10 -11 11 -13 -14 -15
leaf_value=0.00044475801101000835 0.011214577464905512 0.0115207719036218 0.00087871945077816049 -0.0081393346659995956 0.0014998122515625101 0.0067839180149288367 -0.0034207411052143782 0.0091310496416616722 -0.0073974512359360747 0.00084948471515427842 0.0065242823499196412 -0.0056196804019897073 0.0090776241537903948 -0.0038588141467913047
leaf_weight=507.75462599098682 244.64994288980961 79.908946365118027 772.77966789901257 294.31175911426544 3072.4318047910929 1649.3641939461231 1687.9830507487059 750.34406927227974 2351.1989972293377 4458.0602888315916 336.59619125723839 788.63010564446449 704.81147715449333 2496.1673060953617
leaf_count=2081 1001 326 3166 1212 12586 6740 6921 3063 9686 18267 1378 3235 2884 10257
internal_value=0 -0.00285916 -0.00081176 0.00282514 0.00160217 0.00304831 0.00011905 0.00494741 -0.00600395 0.00139038 0.00179045 -0.00198347 0.00291546 -0.00337863
internal_weight=20195 7252.47 4393.51 1817.44 12942.5 6551.83 6390.69 1523.12 2858.95 4702.71 4902.47 1125.23 3777.24 2576.08
internal_count=82803 29791 18024 7441 53012 26823 26189 6229 11767 19268 20083 4613 15470 10583
is_linear=0
shrinkage=0.005


Tree=5
num_leaves=15
num_cat=1
split_feature=7 5 7 3 5 8 5 9 5 5 5 5 5 5
split_gain=3664.65 1657.47 2249.19 1098.25 1216.13 1139.24 986.393 895.309 875.394 797.428 633.756 1761.8 890.248 631.062
threshold=23899.325918171362 1.2816729187972631 18848.639990258187 -0.86172992820007699 2.4565748266012024 -0.0056949456063829776 1.1750272285020442 0 1.1199657731962522 2.1920803104026487 1.3086051152408287 1.2945598170720023 1.4265628286789733 3.4531489661231283
decision_type=2 2 2 2 2 2 2 1 2 2 2 2 2 2
left_child=1 8 10 5 7 6 -2 9 -1 -5 11 -3 -12 -8
right_child=3 2 -4 4 -6 -7 13 -9 -10 -11 12 -13 -14 -15
leaf_value=0.011445527505813359 0.011140254301765665 0.0084278884635312374 -0.0045001932863957591 0.0020071358544277323 0.0067434152907303868 -0.0034054766132381371 0.0013069308178551282 -0.0045076202687128536 -0.0051941969628158799 0.011601192992102492 0.011130708939266399 -0.0066597449014869246 0.00013011270206612146 -0.0068207150945720774
leaf_weight=80.035073727369308 245.05305843055248 386.07286968827248 1460.2811941057444 4168.8776433318853 1650.9733319729567 1687.0760339349508 4206.0070414245129 506.72573214769363 4132.2394321113825 228.14091898500919 517.31288748979568 386.8110523223877 285.95542487502098 252.63644388318062
leaf_count=326 1001 1582 6009 17071 6740 6921 17231 2081 17011 931 2109 1584 1170 1036
internal_value=0 -0.00284635 -2.94051e-05 0.0015938 0.00303174 0.000118453 0.00138314 0.00178104 -0.00487612 0.00250676 0.00411124 0.00087421 0.00722023 0.000845127
internal_weight=20194.2 7248.71 3036.43 12945.5 6554.72 6390.77 4703.7 4903.74 4212.27 4397.02 1576.15 772.884 803.268 4458.64
internal_count=82803 29791 12454 53012 26823 26189 19268 20083 17337 18002 6445 3166 3279 18267
cat_boundaries=0 1
cat_threshold=4
is_linear=0
shrinkage=0.005


Tree=6
num_leaves=15
num_cat=0
split_feature=7 0 5 5 0 5 2 2 5 5 2 1 4 5
split_gain=3629.01 1841.88 1605.8 1666.38 1021.09 1013.93 958.114 939.494 904.965 777.463 1729.54 1012.39 798.856 665.436
threshold=23899.325918171362 0.42243372439126181 1.2816729187972631 1.4567170705890871 0.36687286031879046 1.3086051152408287 0.12578483119198183 -0.31266800721517352 1.2695352979966048 2.4221164630192429 -1.3361511896903264e-11 1.4529386806145701 50000000.605290145 2.817819996474173
decision_type=2 2 2 2 2 2 2 2 2 2 2 2 2 2
left_child=1 4 7 5 -1 -4 9 -3 -9 11 12 -2 -11 -12
right_child=6 2 3 -5 -6 -7 -8 8 -10 10 13 -13 -14 -15
leaf_value=0.0004655442350523885 0.010947068625994578 -0.0077135189049361633 0.00086969518648578143 -0.0080983947039265577 -0.0073515186023464102 0.0090275399368888228 -0.0084329535815506826 0.00066560697886586164 -0.0080206797022425586 0.0115263356859005 0.01141234163419921 0.0008956600576572292 -0.0021999739718998276 0.0046886621853307634
leaf_weight=507.42982472479343 256.58108393847942 831.65648818016052 772.98348151147366 293.73643654584885 2346.1713310629129 752.0527817606926 233.75952637195587 1356.6743968874216 384.26507976651192 118.95281706750393 668.35570108890533 9906.3177665174007 939.34413005411625 825.05125389993191
leaf_count=2081 1048 3429 3166 1212 9686 3063 960 5573 1581 485 2726 40576 3844 3373
internal_value=0 -0.00283359 -0.000800465 0.00279428 -0.00596077 0.00489591 0.00158547 -0.00334289 -0.00125197 0.00177019 0.00423777 0.0011502 -0.000650058 0.00770225
internal_weight=20193.3 7244.97 4391.37 1818.77 2853.6 1525.04 12948.4 2572.6 1740.94 12714.6 2551.7 10162.9 1058.3 1493.41
internal_count=82803 29791 18024 7441 11767 6229 53012 10583 7154 52052 10428 41624 4329 6099
is_linear=0
shrinkage=0.005


Tree=7
num_leaves=15
num_cat=1
split_feature=7 5 2 3 5 5 5 9 7 7 1 6 1 5
split_gain=3593.82 1628.99 2872.99 1083.52 1189.24 992.969 1321.1 886.277 883.177 1034.86 881.44 941.509 881.254 864.153
threshold=23899.325918171362 1.2816729187972631 -0.16030334578401811 -0.86172992820007699 2.4565748266012024 1.373026388948916 1.2945598170720023 0 36226.298777936223 29721.721309731682 6.6272425868287153 0.3504835431180538 1.4529386806145701 1.1199657731962522
decision_type=2 2 2 2 2 2 2 1 2 2 2 2 2 2
left_child=1 13 5 8 7 6 -3 -5 9 12 -10 -12 -2 -1
right_child=3 2 -4 4 -6 -7 -8 -9 10 -11 11 -13 -14 -15
leaf_value=0.011367349170950551 0.010708251983726737 0.0085372791815162413 -0.0073470009584598655 0.0024891236094532775 0.0066715359852867681 0.0083159943327907639 -0.0020781522536538815 -0.004491516475449318 -0.0060135656612708204 0.0096231448718177813 0.0028892865787435917 -0.0028379436808935762 -1.4773892765915349e-05 -0.005152625558459932
leaf_weight=80.162245512008667 210.664480432868 406.65223276615143 929.95121900737286 4399.1398501843214 1653.733916208148 654.00831165909767 1045.2287693172693 506.41597862541676 827.9590639770031 408.22924447059631 1346.6285790354013 1534.9270524978638 2063.5689317137003 4125.0156507194042
leaf_count=326 859 1664 3841 18002 6740 2664 4285 2081 3395 1669 5519 6297 8450 17011
internal_value=0 -0.00282098 -2.89328e-05 0.0015772 0.00300478 0.00320248 0.000895281 0.0017676 0.000111735 0.00229745 -0.00146824 -0.00016055 0.000979547 -0.0048358
internal_weight=20192.3 7241.02 3035.84 12951.3 6559.29 2105.89 1451.88 4905.56 6391.98 2682.46 3709.51 2881.56 2274.23 4205.18
internal_count=82803 29791 12454 53012 26823 8613 5949 20083 26189 10978 15211 11816 9309 17337
cat_boundaries=0 1
cat_threshold=4
is_linear=0
shrinkage=0.005


Tree=8
num_leaves=15
num_cat=0
split_feature=0 0 5 5 5 5 2 1 8 2 5 5 2 5
split_gain=3325.13 2022.52 1571.94 1638.06 998.602 947.389 1703.07 1128.25 1011.73 932.002 916.844 897.048 766.106 654.914
threshold=0.36989354441652328 0.42243372439126181 1.2816729187972631 1.4567170705890871 1.3086051152408287 2.4221164630192429 -1.3361511896903264e-11 1.4529386806145701 0.034709377485134939 -0.31266800721517352 1.1299483374408508 1.2695352979966048 0.12578483119198183 2.817819996474173
decision_type=2 2 2 2 2 2 2 2 2 2 2 2 2 2
left_child=5 10 9 4 -4 7 8 -1 -7 -3 -2 -11 -9 -8
right_child=1 2 3 -5 -6 6 13 12 -10 11 -12 -13 -14 -15
leaf_value=0.010698471506584116 0.011465176591646116 -0.0076666189231253366 0.00084867902395395977 -0.0080507962964588321 0.0089396284468917023 -0.0026305710890907929 0.01130169484643986 0.00074561289320101976 0.01145685244704538 0.00068355948704092423 -0.0069594106758414679 -0.0079727738206251692 -0.0084042238233751534 0.0046384898920827471
leaf_weight=280.26422573626041 68.935549765825272 829.77653776109219 773.44908629357815 293.02613940834999 753.44261814653873 910.83165606856346 669.87545636296272 10259.594502449036 147.65117439627647 1355.8514618873596 2404.8571643829346 383.40596334636211 233.4568225890398 826.68450108170509
leaf_count=1142 281 3429 3166 1212 3063 3728 2726 42018 601 5573 9947 1581 960 3376
internal_value=0 -0.00282762 -0.00078891 0.00276512 0.0048444 0.00145593 0.00419316 0.000806361 -0.000658629 -0.00330763 -0.00644276 -0.00122497 0.000541412 0.00762546
internal_weight=20191.1 6862.74 4388.95 1819.92 1526.89 13328.4 2555.04 10773.3 1058.48 2569.03 2473.79 1739.26 10493.1 1496.56
internal_count=82803 28252 18024 7441 6229 54551 10431 44120 4329 10583 10228 7154 42978 6102
is_linear=0
shrinkage=0.005


Tree=9
num_leaves=15
num_cat=0
split_feature=7 5 2 3 5 8 5 5 5 5 7 5 5 5
split_gain=3527.09 1600.87 2823.51 1069.35 1162.29 1124.41 973.027 972.429 1306 853.179 812.707 1369.85 1290.54 617.301
threshold=23899.325918171362 1.2816729187972631 -0.16030334578401811 -0.86172992820007699 2.4565748266012024 -0.0056949456063829776 1.1750272285020442 1.373026388948916 1.2945598170720023 1.1199657731962522 237485.23868586545 1.5866933847752973 1.688154461239965 3.4531489661231283
decision_type=2 2 2 2 2 2 2 2 2 2 2 2 2 2
left_child=1 9 7 5 10 6 -2 8 -3 -1 12 -12 -5 -8
right_child=3 2 -4 4 -6 -7 13 -9 -10 -11 11 -13 -14 -15
leaf_value=0.011290487343925694 0.011041320242212816 0.0084756204213819637 -0.0072970859051802086 0.0014636701406636611 0.0066005571905313823 -0.0033964235922475717 0.0012824688535364444 0.0082230904301377403 -0.0020737907686587237 -0.0051124117416930749 0.0064488989135938011 -0.0055854140678417473 0.0089561864278001266 -0.0067646550715032309
leaf_weight=80.28323820233345 245.57029804587364 407.2443496286869 927.63447296619415 3075.6102809906006 1656.3462551385164 1686.5107608884573 4208.8522245883942 655.27990646660328 1044.9994504600763 4117.7814531624317 337.22912511229515 787.56222273409367 706.76368242502213 252.05387157201767
leaf_count=326 1001 1664 3841 12586 6740 6921 17231 2664 4285 17011 1378 3235 2884 1036
internal_value=0 -0.00279692 -2.96148e-05 0.00156142 0.00297901 0.000105508 0.00136114 0.00316898 0.000884698 -0.00479682 0.00175554 -0.00197386 0.00286536 0.000826516
internal_weight=20189.7 7233.22 3035.16 12956.5 6563.51 6392.99 4706.48 2107.52 1452.24 4198.06 4907.17 1124.79 3782.37 4460.91
internal_count=82803 29791 12454 53012 26823 26189 19268 8613 5949 17337 20083 4613 15470 18267
is_linear=0
shrinkage=0.005


Tree=10
num_leaves=15
num_cat=1
split_feature=7 0 5 5 3 5 0 5 9 7 7 1 6 1
split_gain=3492.95 1795.64 1538.84 1610.37 1058.04 1149.03 996.895 983.728 867.316 865.525 1024.47 872.578 928.933 862.17
threshold=23899.325918171362 0.42243372439126181 1.2816729187972631 1.4567170705890871 -0.86172992820007699 2.4565748266012024 0.36687286031879046 1.3086051152408287 0 36226.298777936223 29721.721309731682 6.6272425868287153 0.3504835431180538 1.4529386806145701
decision_type=2 2 2 2 2 2 2 2 1 2 2 2 2 2
left_child=1 6 -3 7 9 8 -1 -4 -6 10 13 -11 -13 -2
right_child=4 2 3 -5 5 -7 -8 -9 -10 11 -12 12 -14 -15
leaf_value=0.00046787203416456737 0.010563207786597962 -0.0032727866543153356 0.0008279273287617715 -0.0080041807557955681 0.0024590844481723172 0.0065619817038583394 -0.0072595142764580317 0.0088537812791897215 -0.0044510437397919161 -0.0059853538033480891 0.009549583143087223 0.0028684104147390505 -0.002820395026211456 -2.8488877481360951e-05
leaf_weight=507.36876605451107 211.29808232188225 2565.3935408145189 773.89283932745457 292.29291406273842 4402.6888578981161 1657.7522326856852 2335.4457448720932 754.73659779131413 505.62055212259293 827.02720965445042 408.90863780677319 1347.4127129018307 1533.962743461132 2064.3594339340925
leaf_count=2081 859 10583 3166 1212 18002 6740 9686 3063 2081 3395 1669 5519 6297 8450
internal_value=0 -0.00278452 -0.000777523 0.00273647 0.00155331 0.00296296 -0.00587966 0.0047938 0.00174636 0.000104975 0.0022674 -0.00145986 -0.000159245 0.000955971
internal_weight=20188.2 7229.13 4386.32 1820.92 12959 6566.06 2842.81 1528.63 4908.31 6392.97 2684.57 3708.4 2881.38 2275.66
internal_count=82803 29791 18024 7441 53012 26823 11767 6229 20083 26189 10978 15211 11816 9309
cat_boundaries=0 1
cat_threshold=4
is_linear=0
shrinkage=0.005


Tree=11
num_leaves=15
num_cat=0
split_feature=7 0 5 5 0 5 5 7 6 0 1 8 1 5
split_gain=3459.18 1780.84 1523.95 1594.79 989.335 972.274 855.225 1257.89 1117.89 1066.33 1058.78 713.246 816.925 702.467
threshold=23899.325918171362 0.42243372439126181 1.2816729187972631 1.4567170705890871 0.36687286031879046 1.3086051152408287 2.4221164630192429 157807.67965988224 0.31041528899807297 0.31174354098849238 2.6921920834866273 0.083090973827923562 10.983174354657121 1.1199657731962522
decision_type=2 2 2 2 2 2 2 2 2 2 2 2 2 2
left_child=1 4 13 5 -1 -4 8 -8 -2 10 -10 12 -9 -3
right_child=6 2 3 -5 -6 -7 7 11 9 -11 -12 -13 -14 -15
leaf_value=0.00046550054462161456 0.0048094666131156764 0.011239855566808435 0.00082368866703303974 -0.0079763376933118108 -0.0072332305656414445 0.0088003637409081719 0.0092246349658052958 -0.0025262160792445892 -0.0060918818932083878 0.0031357458559019332 -4.5569794288502975e-05 0.0095274457411964174 0.005096316908748527 -0.0037305805766502447
leaf_weight=507.40604557096958 1560.2176685780287 80.36065661907196 773.98810778558254 291.84951198101044 2332.2222946733236 755.52226983010769 823.0958122164011 914.73522634804249 829.02524487674236 2313.7991255670786 5700.8644920289516 249.69521333277225 570.07674261927605 2483.5681301057339
leaf_count=2081 6374 326 3166 1212 9686 3063 3342 3748 3399 9457 23354 1015 2323 10257
internal_value=0 -0.00277223 -0.000773823 0.00272212 -0.00585684 0.0047671 0.00154524 0.00413562 0.000908038 0.000219226 -0.000813991 0.00171727 0.000399416 -0.00325829
internal_weight=20186.4 7224.92 4385.29 1821.36 2839.63 1529.51 12961.5 2557.6 10403.9 8843.69 6529.89 1734.51 1484.81 2563.93
internal_count=82803 29791 18024 7441 11767 6229 53012 10428 42584 36210 26753 7086 6071 10583
is_linear=0
shrinkage=0.005


Tree=12
num_leaves=15
num_cat=0
split_feature=7 0 5 5 3 5 0 5 7 7 1 6 1 7
split_gain=3425.79 1766.17 1509.25 1579.4 1042.8 1123.17 981.866 961.025 854.116 1012.1 863.398 917.305 850.299 797.876
threshold=23899.325918171362 0.42243372439126181 1.2816729187972631 1.4567170705890871 -0.86172992820007699 2.4565748266012024 0.36687286031879046 1.3086051152408287 36226.298777936223 29721.721309731682 6.6272425868287153 0.3504835431180538 1.4529386806145701 237485.23868586545
decision_type=2 2 2 2 2 2 2 2 2 2 2 2 2 2
left_child=1 6 -3 7 8 13 -1 -4 9 12 -10 -12 -2 -6
right_child=4 2 3 -5 5 -7 -8 -9 10 -11 11 -13 -14 -15
leaf_value=0.00046314153594452734 0.010474470036533644 -0.0032439482294805491 0.00081947257166901477 -0.0079487935077037931 0.0028315104678925669 0.0064912228989344881 -0.0072071885533376515 0.0087476587145649005 -0.0059601548360718364 0.0094783180655407251 0.0028443505658108837 -0.002808313261100447 -3.567794766931864e-05 -0.0019636488928913187
leaf_weight=507.44306719303131 211.66635574400425 2562.3841388523579 774.08266265690327 291.39938277006149 3785.7652499824762 1660.2094503343105 2328.9562387764454 756.27505281567574 826.18218669295311 409.54476597905159 1348.30886515975 1533.2927938401699 2064.7539604455233 1124.3082588016987
leaf_count=2081 859 10583 3166 1212 15470 6740 9686 3063 3395 1669 5519 6297 8450 4613
internal_value=0 -0.00276005 -0.000770155 0.00270791 0.00153722 0.00293605 -0.00583422 0.00474065 9.92519e-05 0.00224651 -0.00145567 -0.000162515 0.000942565 0.00173292
internal_weight=20184.6 7220.54 4384.14 1821.76 12964 6570.28 2836.4 1530.36 6393.75 2685.97 3707.78 2881.6 2276.42 4910.07
internal_count=82803 29791 18024 7441 53012 26823 11767 6229 26189 10978 15211 11816 9309 20083
is_linear=0
shrinkage=0.005


Tree=13
num_leaves=15
num_cat=1
split_feature=7 0 5 5 3 5 8 0 5 5 9 5 5 5
split_gain=3392.74 1751.68 1494.68 1564.2 1031.77 1110.53 1101.45 974.486 959.893 949.976 853.136 775.575 695.546 600.936
threshold=23899.325918171362 0.42243372439126181 1.2816729187972631 1.4567170705890871 -0.86172992820007699 2.4565748266012024 -0.0056949456063829776 0.36687286031879046 1.1750272285020442 1.3086051152408287 0 2.1920803104026487 1.1199657731962522 3.4531489661231283
decision_type=2 2 2 2 2 2 2 2 2 2 1 2 2 2
left_child=1 7 12 9 6 10 8 -1 -2 -4 11 -6 -3 -10
right_child=4 2 3 -5 5 -7 -8 -9 13 -11 -12 -13 -14 -15
leaf_value=0.00046079450081429075 0.010945253428439708 0.011189761518825541 0.00081527925251174808 -0.0079215434628021868 0.0019370216235914232 0.006453765696174214 -0.0033696330722396313 -0.0071813833582846454 0.0012581852745621384 0.0086956515049325788 -0.0044262932449828296 0.011378075063424723 -0.0037003480985360587 -0.0066931073625073126
leaf_weight=507.47987616062164 246.05721709132195 80.435398399829865 774.17647187411785 290.94264334440231 4176.9817649722099 1661.4956311732531 1684.8350376039743 2325.6483360975981 4211.4271555542946 756.9953920841217 505.12070482969284 229.17001864314079 2480.4724818170071 251.26706816256046
leaf_count=2081 1001 326 3166 1212 17071 6740 6921 9686 17231 3063 2081 931 10257 1036
internal_value=0 -0.00274793 -0.000766506 0.00269383 0.00152926 0.00292026 9.87555e-05 -0.00581177 0.00134053 0.00471445 0.00172383 0.00242987 -0.0032296 0.000809237
internal_weight=20182.5 7216.15 4383.02 1822.11 12966.4 6572.77 6393.59 2833.13 4708.75 1531.17 4911.27 4406.15 2560.91 4462.69
internal_count=82803 29791 18024 7441 53012 26823 26189 11767 19268 6229 20083 18002 10583 18267
cat_boundaries=0 1
cat_threshold=4
is_linear=0
shrinkage=0.005


Tree=14
num_leaves=15
num_cat=0
split_feature=7 0 2 2 5 3 5 8 0 5 5 7 5 5
split_gain=3360.07 1737.32 1505.96 1693.79 1405.51 1020.9 1098.06 1090.83 967.194 948.761 946.523 783.707 1348.25 1269.39
threshold=23899.325918171362 0.42243372439126181 -0.31862323479835714 -0.16030334578401811 1.3086051152408287 -0.86172992820007699 2.4565748266012024 -0.0056949456063829776 0.36687286031879046 1.1750272285020442 1.1199657731962522 237485.23868586545 1.5866933847752973 1.688154461239965
decision_type=2 2 2 2 2 2 2 2 2 2 2 2 2 2
left_child=1 8 -3 4 -4 7 11 9 -1 -2 -5 13 -13 -7
right_child=5 2 3 10 -6 6 -8 -9 -10 -11 -12 12 -14 -15
leaf_value=0.00045845978158293144 0.010875547851621132 -0.0074222614209600727 0.00027973485021304853 0.01112032297174431 0.0082651344963337731 0.0014128571866715862 0.0064166859746624307 -0.003354632605405188 -0.0071558128139595032 0.00080509368151430441 -0.0067414564047164243 0.0063966752837155373 -0.0055404220029719158 0.0088348190099998055
leaf_weight=507.51643474400043 246.39846490323544 710.7266363799572 1953.7642040848732 80.535842686891556 767.4104415923357 3080.0103039443493 1662.7411251962185 1683.911637917161 2322.2991849184036 4463.1890057474375 869.33946989476681 337.65583801269531 786.0978819578886 708.61560764908791
leaf_count=2081 1001 2952 8038 326 3105 12586 6740 6921 9686 18267 3603 1378 3235 2884
internal_value=0 -0.00273593 -0.000762889 0.00052654 0.00253376 0.00152134 0.00290463 9.8258e-05 -0.0057895 0.00133359 -0.00521935 0.00171482 -0.00195019 0.00280269
internal_weight=20180.2 7211.59 4381.78 3671.05 2721.17 12968.6 6575.12 6393.5 2829.82 4709.59 949.875 4912.38 1123.75 3788.63
internal_count=82803 29791 18024 15072 11143 53012 26823 26189 11767 19268 3929 20083 4613 15470
is_linear=0
shrinkage=0.005


Tree=15
num_leaves=15
num_cat=0
split_feature=7 0 2 2 1 0 2 7 1 1 2 6 2 6
split_gain=3327.75 1723.11 1493.16 1677.79 964.645 959.988 935.158 897.82 676.511 776.225 1037.15 592.064 428.738 396.387
threshold=23899.325918171362 0.42243372439126181 -0.31862323479835714 -0.16030334578401811 1.5741378500157353 0.36687286031879046 0.12578483119198183 21705.266040297709 1.4529386806145701 1.9275368684270942 -0.11885028322426848 0.40912336038618063 -0.17312171536376822 0.3882832195454804
decision_type=2 2 2 2 2 2 2 2 2 2 2 2 2 2
left_child=1 5 -3 4 -4 12 8 -5 -2 11 -11 -10 -1 -14
right_child=6 2 3 7 -6 -7 -8 -9 9 10 -12 -13 13 -15
leaf_value=0.0072079691874892505 0.0093711308460479852 -0.0073958377323197775 -0.00044242440012399174 -0.0067485191279416544 0.0055085093740252968 -0.0071304720300062229 -0.0083934680949048785 0.010039215270300035 -0.0026967062173383323 0.0089939070712518714 0.0016708872573828145 0.0065836843598813246 0.0021817804000204689 -0.0085318511702884708
leaf_weight=160.40736810863018 280.384103089571 709.70392894744873 1366.533744558692 861.67717382311821 1355.3855718523264 2318.9098719656467 233.33703801035881 87.194387808442116 1494.3532443344593 507.16111488640308 10261.943443909287 193.58467973768711 190.12173780798912 157.02366077899933
leaf_count=656 1138 2952 5628 3576 5515 9686 960 353 6115 2064 41946 789 780 645
internal_value=0 -0.00272402 -0.0007593 0.000523947 0.00252041 -0.00576741 0.00151349 -0.00519874 0.00169549 0.00152216 0.00201639 -0.00162925 0.000456137 -0.00266241
internal_weight=20177.7 7206.96 4380.49 3670.79 2721.92 2826.46 12970.8 948.872 12737.4 12457 10769.1 1687.94 507.553 347.145
internal_count=82803 29791 18024 15072 11143 11767 53012 3929 52052 50914 44010 6904 2081 1425
is_linear=0
shrinkage=0.005


Tree=16
num_leaves=15
num_cat=1
split_feature=7 5 2 3 5 8 5 5 5 9 5 5 5 8
split_gain=3295.72 1510.23 2666.77 1010.59 1084.63 1080.1 934.983 908.031 1290.85 835.172 812.394 759.506 595.702 557.856
threshold=23899.325918171362 1.2816729187972631 -0.16030334578401811 -0.86172992820007699 2.4565748266012024 -0.0056949456063829776 1.1750272285020442 1.373026388948916 1.2945598170720023 0 1.1199657731962522 2.1920803104026487 3.4531489661231283 0.025242202446541327
decision_type=2 2 2 2 2 2 2 2 2 1 2 2 2 2
left_child=1 10 7 5 9 6 -2 8 -3 11 -1 -5 -8 -12
right_child=3 2 -4 4 -6 -7 12 -9 -10 -11 13 -13 -14 -15
leaf_value=0.010991104674555014 0.010782158961123858 0.0083956673148226774 -0.0071324789863291419 0.0019085211742432512 0.006370133067727414 -0.0033468945029712428 0.0012402009514663238 0.0079361584764933643 -0.0020859205225209096 -0.0043911577000673154 -0.0036632236329600582 0.011239648617739562 -0.0066787392032854175 -0.0075820760015176828
leaf_weight=80.712471514940262 246.83583346009254 407.98830533027649 919.11006627976894 4180.109704092145 1664.2628722786903 1683.4313761889935 4213.4636645615101 658.72143144905567 1044.7221236974001 504.39838074147701 2723.9312970340252 229.76469278335571 251.10197907686234 1367.1315061300993
leaf_count=326 1001 1664 3841 17071 6740 6921 17231 2664 4285 2081 11312 931 1036 5699
internal_value=0 -0.00271216 -2.49525e-05 0.00150562 0.00288143 8.97766e-05 0.00131849 0.00306874 0.00085795 0.00169892 -0.00466342 0.00239648 0.000793556 -0.00497418
internal_weight=20175.7 7202.32 3030.54 12973.4 6578.54 6394.83 4711.4 2111.43 1452.71 4914.27 4171.78 4409.87 4464.57 4091.06
internal_count=82803 29791 12454 53012 26823 26189 19268 8613 5949 20083 17337 18002 18267 17011
cat_boundaries=0 1
cat_threshold=4
is_linear=0
shrinkage=0.005


Tree=17
num_leaves=15
num_cat=0
split_feature=7 0 2 2 3 1 2 7 2 0 1 7 6 7
split_gain=3264.03 1699.86 1472.72 1653.98 999.974 954.417 1614.85 1213.28 1254.15 948.751 948.063 881.976 856.763 827.631
threshold=23899.325918171362 0.42243372439126181 -0.31862323479835714 -0.16030334578401811 -0.86172992820007699 15.112827140453616 -8.4974527414516371e-12 50012.966460191681 0.12578483119198183 0.36687286031879046 1.5741378500157353 21705.266040297709 0.32092834805438841 36226.298777936223
decision_type=2 2 2 2 2 2 2 2 2 2 2 2 2 2
left_child=1 9 -3 10 13 7 -7 12 -9 -1 -4 -5 -6 -2
right_child=4 2 3 11 5 6 -8 8 -10 -11 -12 -13 -14 -15
leaf_value=0.00045869861310531088 0.0022012327958116119 -0.0073498830214339117 -0.00043395661425494974 -0.0067052689866921355 0.0091854093188608963 -0.0065240158840476079 0.0057628023505086256 0.0070043404236167506 -0.0082747490627493141 -0.0070856663833758025 0.0054649331714623764 0.0099204347578637012 0.00049634817939548401 -0.0014423823085600313
leaf_weight=507.46941907703876 2688.7971315383911 707.86572274565697 1366.003187417984 859.72945003211498 318.93987281620502 639.17329177260399 458.91021107137203 2478.3904060125351 141.44311121106148 2312.7341338247061 1356.5112461596727 87.367738395929337 2543.8673868626356 3705.8816153258085
leaf_count=2081 10978 2952 5628 3576 1302 2632 1871 10052 582 9686 5515 353 10384 15211
internal_value=0 -0.00270035 -0.000749162 0.000524259 0.00149786 0.00286607 -0.00138656 0.00371831 0.00617706 -0.0057274 0.00250475 -0.00516452 0.00146669 8.93251e-05
internal_weight=20173.1 7197.68 4377.48 3669.61 12975.4 6580.72 1098.08 5482.64 2619.83 2820.2 2722.51 947.097 2862.81 6394.68
internal_count=82803 29791 18024 15072 53012 26823 4503 22320 10634 11767 11143 3929 11686 26189
is_linear=0
shrinkage=0.005


Tree=18
num_leaves=15
num_cat=0
split_feature=0 0 5 5 5 5 5 8 1 1 5 5 1 5
split_gain=3017.35 1875.48 1428.69 1508.17 916.91 875.12 1179.41 1254.8 1078.73 1024.09 862.09 661.889 560.001 448.803
threshold=0.36989354441652328 0.42243372439126181 1.2816729187972631 1.4567170705890871 1.3086051152408287 2.4221164630192429 3.4531489661231283 0.035804294440227778 1.4529386806145701 9.3606056284422809 1.1299483374408508 1.1199657731962522 1.1567687509944695 1.1750272285020442
decision_type=2 2 2 2 2 2 2 2 2 2 2 2 2 2
left_child=5 10 11 4 -4 8 -7 -8 -1 -9 -2 -3 -13 -10
right_child=1 2 3 -5 -6 6 7 9 13 -11 -12 12 -14 -15
leaf_value=0.010401745925610158 0.011081434351533472 0.01086603748446351 0.00077812882810402589 -0.0078282624770824004 0.008512349027695482 0.0069829510255398856 -0.004058341688484346 0.011108456273243439 0.0035907307794841086 -0.0070102616345821258 -0.0067238416380556998 0.0028688549744984872 -0.0044940671308898424 0.00015230565675231381
leaf_weight=281.88185314834118 69.446648433804512 80.86979067325592 774.95696713030338 289.18555319309235 759.28270789980888 1448.4514089375734 685.29705111682415 329.18475486338139 1054.7415762841702 101.5946156680584 2373.9438498616219 292.16772383451462 2179.6994506269693 9449.6038697361946
leaf_count=1142 281 326 3166 1212 3063 5868 2813 1336 4307 414 9947 1211 9046 38671
internal_value=0 -0.00270581 -0.000745652 0.00263344 0.00460889 0.00138204 0.0040073 0.000141844 0.000757473 0.00682638 -0.00621459 -0.00316037 -0.00362238 0.00049795
internal_weight=20170.3 6819.55 4376.16 1823.43 1534.24 13350.8 2564.53 1116.08 10786.2 430.779 2443.39 2552.74 2471.87 10504.3
internal_count=82803 28252 18024 7441 6229 54551 10431 4563 44120 1750 10228 10583 10257 42978
is_linear=0
shrinkage=0.005


Tree=19
num_leaves=15
num_cat=0
split_feature=0 0 2 2 5 5 2 3 2 1 1 8 5 2
split_gain=2988.5 1860.53 1454.88 1629.15 1342.91 905.355 898.722 926.292 1178.86 1806.09 1673.99 927.239 854.161 835.538
threshold=0.36989354441652328 0.42243372439126181 -0.31862323479835714 -0.16030334578401811 1.3086051152408287 1.1199657731962522 0.12578483119198183 -0.86172992820007699 -8.4974527414516371e-12 15.112827140453616 6.4800337020311511 -0.0056949456063829776 1.1299483374408508 0.092604782003031141
decision_type=2 2 2 2 2 2 2 2 2 2 2 2 2 2
left_child=6 12 -3 4 -4 -5 7 11 9 -9 -10 13 -2 -1
right_child=1 2 3 5 -6 -7 -8 8 10 -11 -12 -13 -14 -15
leaf_value=0.00089630306319974371 0.011013760493011367 -0.0073112423786294992 0.00028033782783367137 0.010802067504845391 0.0080774542395662761 -0.0066309577124135802 -0.0083498698028441273 0.002619329867623605 -0.0049425686277416057 -0.0065008712965668684 0.0071962541390738072 -0.002920856682453649 -0.0066998871053562453 0.011208580340503657
leaf_weight=4456.4110537916422 69.526864677667618 706.26517856121063 1953.4435852766037 80.944731622934341 769.7805103957653 864.26837842166424 232.85745349526405 3603.1987263709307 326.72931565344334 638.51901987195015 2145.3081833869219 1744.7200684696436 2370.5297643691301 205.06014384329319
leaf_count=18220 281 2952 8038 326 3105 3603 960 14684 1334 2632 8704 7177 9947 840
internal_value=0 -0.00269418 -0.000742167 0.000522685 0.00248636 -0.00513049 0.00137492 0.00154802 0.00284574 0.00124524 0.00559018 0.000187498 -0.00619198 0.00135163
internal_weight=20167.6 6814.76 4374.7 3668.44 2723.22 945.213 13352.8 13119.9 6713.76 4241.72 2472.04 6406.19 2440.06 4661.47
internal_count=82803 28252 18024 15072 11143 3929 54551 53591 27354 17316 10038 26237 10228 19060
is_linear=0
shrinkage=0.005


Tree=20
num_leaves=15
num_cat=0
split_feature=7 0 5 5 3 8 5 0 5 5 7 5 5 8
split_gain=3175.74 1661.75 1401.95 1483.92 976.607 1057.25 1040.49 927.531 915.755 897.18 759.124 1308.09 1230.61 657.619
threshold=23899.325918171362 0.42243372439126181 1.2816729187972631 1.4567170705890871 -0.86172992820007699 -0.0056949456063829776 2.4565748266012024 0.36687286031879046 1.1750272285020442 1.3086051152408287 237485.23868586545 1.5866933847752973 1.688154461239965 0.0099982117987582834
decision_type=2 2 2 2 2 2 2 2 2 2 2 2 2 2
left_child=1 7 13 9 5 8 10 -1 -2 -4 12 -12 -6 -3
right_child=4 2 3 -5 6 -7 -8 -9 -10 -11 11 -13 -14 -15
leaf_value=0.00044561342772626774 0.010653298030930576 -0.0011583057767424489 0.00077284425639246245 -0.0077874342659910766 0.0013688214170989755 -0.0033187946103120183 0.0062395627695661119 -0.0070156196265794167 0.00077862243879452673 0.0084205258691300352 0.0062616667267362883 -0.0054875439209577451 0.008665750414900239 -0.0064023232142096688
leaf_weight=507.66590163111687 247.39630900323391 1590.1207327544689 775.07210175693035 288.37684720754623 3083.5457497239113 1681.6341084241867 1668.2082546800375 2302.6265220493078 4466.2316715568304 760.32269138097763 338.71213775873184 784.28795729577541 711.0120612680912 959.27654948830605
leaf_count=2081 1001 6588 3166 1212 12586 6921 6740 9686 18267 3063 1378 3235 2884 3995
internal_value=0 -0.00266738 -0.000738719 0.00260724 0.00147598 8.38294e-05 0.00282737 -0.00566705 0.0012985 0.00456309 0.0016688 -0.00194039 0.00273772 -0.00313335
internal_weight=20164.5 7183.46 4373.17 1823.77 12981 6395.26 6585.77 2810.29 4713.63 1535.39 4917.56 1123 3794.56 2549.4
internal_count=82803 29791 18024 7441 53012 26189 26823 11767 19268 6229 20083 4613 15470 10583
is_linear=0
shrinkage=0.005


Tree=21
num_leaves=15
num_cat=1
split_feature=7 5 1 5 5 3 5 7 7 1 6 1 9 5
split_gain=3145.36 1449.57 2295.56 1160.89 1465.31 966.429 1029.03 809.368 1000.95 860.763 893.044 825.359 803.591 780.997
threshold=23899.325918171362 1.2816729187972631 2.0583562035030902 1.373026388948916 1.2945598170720023 -0.86172992820007699 2.4565748266012024 36226.298777936223 29721.721309731682 6.6272425868287153 0.3504835431180538 1.4529386806145701 0 1.1199657731962522
decision_type=2 2 2 2 2 2 2 2 2 2 2 2 1 2
left_child=1 13 3 4 -3 7 12 8 11 -9 -11 -2 -7 -1
right_child=5 2 -4 -5 -6 6 -8 9 -10 10 -12 -13 -14 -15
leaf_value=0.010745868763831967 0.010244985459809515 0.0083263274747750853 -0.0080694387959743472 0.0078908722708116354 -0.0025615073825579278 0.0023427226125457517 0.0062045899308322706 -0.0059326785735542001 0.0093524899298071049 0.0028237537029175133 -0.0027554989256104688 -8.9902330888676655e-05 -0.0043236422298037506 -0.0048806511096295144
leaf_weight=81.007314383983612 212.54428598284721 408.61106851696968 685.26214580237865 669.8814165443182 1262.5145459622145 4415.4562388956547 1669.2234768122435 825.15693546831608 410.61997875571251 1348.9933984130621 1530.2623299360275 2067.5314626842737 502.92295683920383 4071.1628032177687
leaf_count=326 859 1664 2890 2701 5199 18002 6740 3395 1669 5519 6297 8450 2081 17011
internal_value=0 -0.00265591 -2.31765e-05 0.00233229 0.000100903 0.00146841 0.00281245 8.34129e-05 0.00217067 -0.00143208 -0.000140594 0.000874435 0.00166018 -0.00457392
internal_weight=20161.2 7178.44 3026.27 2341.01 1671.13 12982.7 6587.6 6395.11 2690.7 3704.41 2879.26 2280.08 4918.38 4152.17
internal_count=82803 29791 12454 9564 6863 53012 26823 26189 10978 15211 11816 9309 20083 17337
cat_boundaries=0 1
cat_threshold=4
is_linear=0
shrinkage=0.005


Tree=22
num_leaves=15
num_cat=0
split_feature=7 7 1 1 6 3 1 2 7 2 6 7 7 1
split_gain=3115.24 1340.49 2461.31 1314.8 988.611 956.31 918.53 1565.85 1169.01 1220 846.607 801.258 989.441 853.252
threshold=23899.325918171362 18848.639990258187 1.5741378500157353 1.1567687509944695 0.42461054175345742 -0.86172992820007699 15.112827140453616 -8.4974527414516371e-12 50012.966460191681 0.12578483119198183 0.32092834805438841 36226.298777936223 29721.721309731682 6.6272425868287153
decision_type=2 2 2 2 2 2 2 2 2 2 2 2 2 2
left_child=1 2 3 -1 -5 11 8 -8 10 -10 -7 12 -2 -13
right_child=5 -3 -4 4 -6 6 7 -9 9 -11 -12 13 -14 -15
leaf_value=0.0050275869984693139 0.00086999409856966655 -0.0047514950934036447 0.0055313783709726172 -0.0060784934791761501 0.0072810108382947306 0.0090863290463119081 -0.0064529705760077395 0.0056448753634897042 0.0068547712250839297 -0.0082290163982273717 0.00045780319639647868 -0.0059089206155560807 0.0092950276566401927 -0.00013989681816649758
leaf_weight=387.2021356523037 2280.2641147524118 3677.861211836338 1158.2402722239494 1800.7581353187561 149.42984621226788 319.63576051592827 637.07098308205605 460.14784747362137 2485.0817921608686 141.13646113872528 2546.5150062143803 824.3363184928894 411.09455640614033 2879.1144657284021
leaf_count=1600 9309 15371 4700 7511 609 1302 2632 1871 10052 582 10384 3395 1669 11816
internal_value=0 -0.00264447 -0.000426517 -0.00338044 -0.00505196 0.00146088 0.00279754 -0.00137688 0.00363197 0.00604178 0.00142235 8.29972e-05 0.0021593 -0.0014253
internal_weight=20157.9 7173.49 3495.63 2337.39 1950.19 12984.4 6589.59 1097.22 5492.37 2626.22 2866.15 6394.81 2691.36 3703.45
internal_count=82803 29791 14420 9720 8120 53012 26823 4503 22320 10634 11686 26189 10978 15211
is_linear=0
shrinkage=0.005


Tree=23
num_leaves=15
num_cat=0
split_feature=7 0 2 2 0 2 7 2 2 2 0 0 8 8
split_gain=3085.32 1631.28 1423.61 1650.09 918.162 904.08 852.057 679.258 518.03 1263.96 1033.51 1029.53 887.212 429.147
threshold=23899.325918171362 0.42243372439126181 -0.31487392158386673 -0.16030334578401811 0.36687286031879046 0.12578483119198183 21705.266040297709 -0.20805727228364002 -0.21604475863889608 -0.17088463102567997 0.35538423167990024 0.32163644239571931 0.027332776835371341 0.11798043861503268
decision_type=2 2 2 2 2 2 2 2 2 2 2 2 2 2
left_child=1 4 -3 7 13 8 -5 -4 10 12 -2 -11 -10 -1
right_child=5 2 3 6 -6 -7 -8 -9 9 11 -12 -13 -14 -15
leaf_value=-0.0016279288896000161 0.0095248930293664932 -0.0068324889325992481 0.00056928504962860038 -0.0065949552894807844 -0.0069571371621145964 -0.0083081000240002034 0.0097312679603851013 0.0057465153638785495 -0.0070531770404107874 0.0014059430060012709 -0.0041690684797258014 0.0072032973074002832 0.0057602438097568917 0.010507652601934784
leaf_weight=419.62720590829849 508.78345787525177 782.03794978559017 1589.5331088602543 854.29880626499653 2293.7591208666563 232.3754259198904 87.601719096302986 1054.4092644751072 677.76812934875488 10383.972622841597 188.26302218437195 826.65007840096951 168.0765957981348 87.608433485031128
leaf_count=1724 2065 3280 6544 3576 9686 960 353 4271 2774 42397 770 3362 684 357
internal_value=0 -0.00263294 -0.000722113 0.000610571 -0.00561115 0.0014534 -0.00506952 0.00263562 0.00163178 0.00138905 0.00582241 0.00183395 -0.00450219 0.000471457
internal_weight=20154.8 7168.88 4367.88 3585.84 2800.99 12985.9 941.901 2643.94 12753.5 12056.5 697.046 11210.6 845.845 507.236
internal_count=82803 29791 18024 14744 11767 53012 3929 10815 52052 49217 2835 45759 3458 2081
is_linear=0
shrinkage=0.005


Tree=24
num_leaves=15
num_cat=0
split_feature=7 0 0 7 1 0 1 1 1 8 7 6 7 8
split_gain=3055.8 1618.21 1026.74 1064.79 999.838 911.51 679.684 676.539 1020 711.55 674.529 558.953 439.431 424.363
threshold=23899.325918171362 0.42243372439126181 0.58072001973519727 18848.639990258187 1.5741378500157353 0.36687286031879046 1.4529386806145701 1.9275368684270942 2.0911451613027081 0.027332776835371341 21705.266040297709 0.3127187299222291 24997.63889707017 0.11798043861503268
decision_type=2 2 2 2 2 2 2 2 2 2 2 2 2 2
left_child=1 5 3 4 -3 13 -2 9 -9 11 -5 -8 -10 -1
right_child=6 2 -4 10 -6 -7 7 8 12 -11 -12 -13 -14 -15
leaf_value=-0.0016202280512876189 0.0091239766065080684 -0.00076875358565255407 -0.0071909164425212752 -0.0046732150832456123 0.0054687773355523777 -0.006933532546302224 0.004428729509762302 0.0079052775622700036 -0.0053378595072378259 0.0064026112071014912 0.0096754317767848482 -0.0042692591140449159 0.0015102368783699528 0.010440883073347465
leaf_weight=419.51625068485737 281.58977545797825 1444.9900984466076 536.88699005544186 1141.5331844389439 1155.2808376550674 2290.0711149126291 216.35894201695919 629.55589009821415 239.16069053113461 234.41564917564392 87.669440492987633 1238.9549987316132 10148.116504728794 87.73073573410511
leaf_count=1724 1138 5972 2258 4757 4684 9686 881 2553 976 953 353 5070 41441 357
internal_value=0 -0.00262169 -0.000718757 0.000188798 0.00200209 -0.00559045 0.00144588 0.00127518 0.00172712 -0.00166964 -0.00364429 -0.00297335 0.00135207 0.000469101
internal_weight=20151.8 7163.68 4366.36 3829.47 2600.27 2797.32 12988.2 12706.6 11016.8 1689.73 1229.2 1455.31 10387.3 507.247
internal_count=82803 29791 18024 15766 10656 11767 53012 51874 44970 6904 5110 5951 42417 2081
is_linear=0
shrinkage=0.005


Tree=25
num_leaves=15
num_cat=0
split_feature=7 0 2 2 5 0 2 5 5 2 6 6 1 5
split_gain=3026.55 1605.31 1403.77 1569.25 1271.51 904.927 895.789 875.627 671.257 1614.37 1324.86 959.998 889.259 601.404
threshold=23899.325918171362 0.42243372439126181 -0.31862323479835714 -0.16030334578401811 1.3086051152408287 0.36687286031879046 0.12578483119198183 1.1199657731962522 2.4221164630192429 -1.3361511896903264e-11 0.3830594110095647 0.31041528899807297 1.4529386806145701 2.817819996474173
decision_type=2 2 2 2 2 2 2 2 2 2 2 2 2 2
left_child=1 5 -3 4 -4 -1 8 -5 11 10 -10 -2 -13 -11
right_child=6 2 3 7 -6 -7 -8 -9 9 13 -12 12 -14 -15
leaf_value=0.00046676200753476346 0.0046402610996840446 -0.0071948938755137457 0.00029768287970934656 0.010600390813877257 0.0078785250374833696 -0.0069101280834724579 -0.0082843060644657157 -0.0065282055447810836 -0.0035361771005860405 0.010729089128344112 0.010659996486993492 0.010951085184767463 0.00014083549572486506 0.0043669937154214838
leaf_weight=507.25303316116333 1566.1690115332603 701.11108967661858 1951.8262823969126 81.154441922903061 771.80119399726391 2286.3494654148817 232.09146277606487 859.05791418254375 858.98024661839008 676.34789863228798 202.67765641212463 194.14772498607635 8429.6638273149729 830.3517665117979
leaf_count=2081 6374 2952 8038 326 3105 9686 960 3603 3510 2726 819 783 34467 3373
internal_value=0 -0.00261047 -0.000715402 0.000524642 0.00244785 -0.00556992 0.0014384 -0.00504224 0.00161578 0.00390033 -0.000819936 0.00103956 0.000385117 0.00722717
internal_weight=20149 7158.55 4364.95 3663.84 2723.63 2793.6 12990.4 940.212 12758.3 2568.36 1061.66 10190 8623.81 1506.7
internal_count=82803 29791 18024 15072 11143 11767 53012 3929 52052 10428 4329 41624 35250 6099
is_linear=0
shrinkage=0.005


Tree=26
num_leaves=15
num_cat=1
split_feature=7 5 7 3 8 5 5 9 5 5 7 5 5 8
split_gain=2997.73 1393.96 1857.28 944.132 1040.32 993.618 893.839 789.517 753.458 728.442 631.654 1375.57 577.413 548.688
threshold=23899.325918171362 1.2816729187972631 18848.639990258187 -0.86172992820007699 -0.0056949456063829776 2.4565748266012024 1.1750272285020442 0 1.1199657731962522 2.1920803104026487 16509.280144030075 1.3086051152408287 3.4531489661231283 0.025242202446541327
decision_type=2 2 2 2 2 2 2 1 2 2 2 2 2 2
left_child=1 8 10 4 6 7 -2 9 -1 -5 -3 -12 -8 -10
right_child=3 2 -4 5 -6 -7 12 -9 13 -11 11 -13 -14 -15
leaf_value=0.010540755260345954 0.0104961894234938 0.01141510897373499 -0.004142916731425206 0.0018239515034172613 -0.0033138484025564919 0.0060883469909692421 0.0011910093481727298 -0.0043077083185021651 -0.0034855386600210897 0.010940620994448865 -0.0036926734719461246 0.0065493353847824176 -0.006616167269413417 -0.0073934856052180675
leaf_weight=81.208202958106995 248.03201529383659 227.33393959701061 1433.6306744217873 4188.6269973665476 1681.2514781951904 1672.284207046032 4218.1799102574587 502.53555096685886 2700.000117585063 230.89280639588833 549.2273228764534 811.14653451740742 250.35287722945213 1350.5190715789795
leaf_count=326 1001 925 6009 17071 6921 6740 17231 2081 11312 931 2244 3276 1036 5699
internal_value=0 -0.00259942 -1.73579e-05 0.00143102 6.21839e-05 0.00275858 0.00126635 0.00162627 -0.00448673 0.00230199 0.0037064 0.00241263 0.000752356 -0.00478989
internal_weight=20145.2 7153.07 3021.34 12992.2 6397.82 6594.34 4716.56 4922.06 4131.73 4419.52 1587.71 1360.37 4468.53 4050.52
internal_count=82803 29791 12454 53012 26189 26823 19268 20083 17337 18002 6445 5520 18267 17011
cat_boundaries=0 1
cat_threshold=4
is_linear=0
shrinkage=0.005


Tree=27
num_leaves=15
num_cat=0
split_feature=0 0 2 2 5 2 5 5 5 2 6 6 1 5
split_gain=2772.53 1763.96 1384.83 1552.51 1243.99 868.452 861.129 816.456 719.447 1590.57 1307.11 1003.45 970.484 592.441
threshold=0.36989354441652328 0.42243372439126181 -0.31862323479835714 -0.16030334578401811 1.3086051152408287 0.12578483119198183 1.1199657731962522 1.1299483374408508 2.4221164630192429 -1.3361511896903264e-11 0.3830594110095647 0.31041528899807297 1.4529386806145701 2.817819996474173
decision_type=2 2 2 2 2 2 2 2 2 2 2 2 2 2
left_child=5 7 -3 4 -4 8 -5 -2 11 10 -10 -1 -13 -11
right_child=1 2 3 6 -6 -7 -8 -9 9 13 -12 12 -14 -15
leaf_value=0.0046026751250438673 0.01075100838066767 -0.0071523546952766718 0.00030806132728233214 0.010482074119267933 0.0078046236849277483 -0.0082609779761279208 -0.0064957626421985612 -0.0065364510611337114 -0.0035254004520502316 0.010635011129101809 0.010568637744871285 0.010698098404328244 9.9255093419555184e-06 0.0043247564793699525
leaf_weight=1568.3741525262594 69.804384276270866 699.10437354445457 1950.994451135397 81.25718879699707 772.45710198581219 231.80635286867619 857.36129304766655 2344.8995994776487 858.48565836250782 677.18380290269852 202.94464235007763 217.16225300729275 8778.1775885373354 831.60230629146099
leaf_count=6378 281 2952 8038 326 3105 960 3603 9947 3510 2726 819 876 35906 3376
internal_value=0 -0.00260541 -0.00070626 0.000524452 0.00243628 0.0013207 -0.00501851 -0.00603355 0.00149031 0.00386281 -0.00082457 0.000912678 0.000268814 0.00716121
internal_weight=20141.6 6775.88 4361.17 3662.07 2723.45 13365.7 938.618 2414.7 13133.9 2570.22 1061.43 10563.7 8995.34 1508.79
internal_count=82803 28252 18024 15072 11143 54551 3929 10228 53591 10431 4329 43160 36782 6102
is_linear=0
shrinkage=0.005


Tree=28
num_leaves=15
num_cat=1
split_feature=7 0 2 2 5 3 5 0 5 9 7 7 5 5
split_gain=2942.48 1571.68 1373.74 1596 1168.64 933.985 971.282 892.902 853.257 781.822 778.755 975.108 718.976 685.696
threshold=23899.325918171362 0.42243372439126181 -0.31487392158386673 -0.16030334578401811 1.3086051152408287 -0.86172992820007699 2.4565748266012024 0.36687286031879046 1.1199657731962522 0 36226.298777936223 29721.721309731682 2.1920803104026487 1.447757510878946
decision_type=2 2 2 2 2 2 2 2 2 1 2 2 2 2
left_child=1 7 -3 4 -4 10 9 -1 -5 12 11 -2 -7 -12
right_child=5 2 3 8 -6 6 -8 -9 -10 -11 13 -13 -14 -15
leaf_value=0.00048280746715994585 0.00082070140728736569 -0.006728790112099297 0.00045363536495795272 0.010424323169621733 0.007761821407648424 0.0018142061217554853 0.0060274280130412621 -0.0068493368389660097 -0.0064725544558333695 -0.0042903339314230536 -0.0082785846749251647 0.0091759482920214328 0.010867007542019176 -0.00075504253642350776
leaf_weight=506.99192976951599 2282.4545958340168 776.78857876360416 1872.2562770843506 81.301467448472977 772.83498050272465 4189.5824341326952 1673.6910702288151 2276.3599024564028 856.13816507160664 502.14717054367065 332.40773065388203 412.0127430409193 231.13068705797195 3371.5036852806807
leaf_count=2081 9309 3280 7710 326 3105 17071 6740 9686 3603 2081 1365 1669 931 13846
internal_value=0 -0.00257799 -0.000703031 0.000603574 0.00259093 0.00141686 0.00273696 -0.00551303 -0.0049997 0.00161725 5.53704e-05 0.0021007 0.00228926 -0.00143194
internal_weight=20137.6 7142.67 4359.32 3582.53 2645.09 12994.9 6596.55 2783.35 937.44 4922.86 6398.38 2694.47 4420.71 3703.91
internal_count=82803 29791 18024 14744 10815 53012 26823 11767 3929 20083 26189 10978 18002 15211
cat_boundaries=0 1
cat_threshold=4
is_linear=0
shrinkage=0.005


Tree=29
num_leaves=15
num_cat=0
split_feature=7 0 0 7 1 3 8 1 7 1 0 6 7 7
split_gain=2914.54 1559.13 989.612 1026.59 955.952 924.309 1026.6 889.061 1127.62 932.795 886.574 830.384 657.877 644.705
threshold=23899.325918171362 0.42243372439126181 0.58072001973519727 18848.639990258187 1.5741378500157353 -0.86172992820007699 -0.0056949456063829776 15.112827140453616 50012.966460191681 18.943569628179855 0.36687286031879046 0.32092834805438841 1040154.8986812589 21705.266040297709
decision_type=2 2 2 2 2 2 2 2 2 2 2 2 2 2
left_child=1 10 3 4 -3 6 -2 8 11 -9 -1 -7 -10 -5
right_child=5 2 -4 13 -6 7 -8 9 12 -11 -12 -13 -14 -15
leaf_value=0.00048035892250513468 0.0012507594271046261 -0.00074510495857352103 -0.0070803828101011447 -0.0045951664428264443 0.0053534165059057684 0.0089520829321468338 -0.0032998933507398698 -0.0062365494287209989 0.0068649550533987783 0.0029907965574308098 -0.0068266346112804948 0.00041759286238575514 -0.00060577553476698505 0.0094180823110683026
leaf_weight=507.03069539368153 4717.8664516508579 1443.3258852511644 532.84501695632935 1136.6271772384644 1156.7234887927771 320.5184109210968 1680.32241769135 520.45650810003281 2294.0453591495752 576.69388358294964 2272.5215696543455 2549.1197775453329 337.32290624082088 87.894486352801323
leaf_count=2081 19268 5972 2258 4757 4684 1302 6921 2155 9264 2348 9686 10384 1370 353
internal_value=0 -0.00256717 -0.000699823 0.000189282 0.00196758 0.00140962 5.50904e-05 0.00272261 0.00354236 -0.00138496 -0.00549299 0.0013731 0.00590638 -0.00358384
internal_weight=20133.3 7136.97 4357.42 3824.57 2600.05 12996.3 6398.19 6598.16 5501.01 1097.15 2779.55 2869.64 2631.37 1224.52
internal_count=82803 29791 18024 15766 10656 53012 26189 26823 22320 4503 11767 11686 10634 5110
is_linear=0
shrinkage=0.005


Tree=30
num_leaves=15
num_cat=0
split_feature=7 0 0 7 1 0 1 1 1 8 7 6 7 8
split_gain=2886.79 1546.79 981.515 1016.82 945.842 880.314 659.322 667.705 996.658 704.112 638.532 545.524 432.977 419.958
threshold=23899.325918171362 0.42243372439126181 0.58072001973519727 18848.639990258187 1.5741378500157353 0.36687286031879046 1.4529386806145701 1.9275368684270942 2.0911451613027081 0.027332776835371341 21705.266040297709 0.3127187299222291 24997.63889707017 0.11798043861503268
decision_type=2 2 2 2 2 2 2 2 2 2 2 2 2 2
left_child=1 5 3 4 -3 13 -2 9 -9 11 -5 -8 -10 -1
right_child=6 2 -4 10 -6 -7 7 8 12 -11 -12 -13 -14 -15
leaf_value=-0.0016025797335457684 0.0089550758271125155 -0.00074147977504687864 -0.0070569321273100073 -0.0045765886279666044 0.0053240575124342028 -0.0068041190733068449 0.0043140555297374455 0.0077831273881936733 -0.0053296014873760291 0.006333456833733148 0.0093667505361278366 -0.0042695064852084656 0.001468974327535345 0.010391427013836437
leaf_weight=419.25005730986595 282.2925773113966 1443.1333333700895 531.94652688503265 1135.5396072864532 1157.2879245877266 2268.6527062356472 216.90758563578129 630.92632435262203 239.08922310173512 234.72366018593311 87.936919614672661 1238.9129570275545 10154.876846328378 87.81915494799614
leaf_count=1724 1138 5972 2258 4757 4684 9686 881 2553 976 953 353 5070 41441 357
internal_value=-4.02264e-09 -0.00255628 -0.000696583 0.000188366 0.00195746 -0.00547309 0.00140242 0.0012342 0.00168298 -0.00169067 -0.00356896 -0.00298785 0.0013121 0.000477923
internal_weight=20129.3 7131.57 4355.84 3823.9 2600.42 2775.72 12997.7 12715.4 11024.9 1690.54 1223.48 1455.82 10394 507.069
internal_count=82803 29791 18024 15766 10656 11767 53012 51874 44970 6904 5110 5951 42417 2081
is_linear=0
shrinkage=0.005


Tree=31
num_leaves=15
num_cat=1
split_feature=7 5 1 5 5 3 8 5 5 9 5 1 6 5
split_gain=2859.28 1338.25 2171.18 1065.53 1424.95 915.119 1016.5 950.948 875.907 766.705 719.674 739.283 1081.27 706.585
threshold=23899.325918171362 1.2816729187972631 2.0583562035030902 1.373026388948916 1.2945598170720023 -0.86172992820007699 -0.0056949456063829776 2.4565748266012024 1.1750272285020442 0 1.1199657731962522 1.1567687509944695 0.3830594110095647 2.1920803104026487
decision_type=2 2 2 2 2 2 2 2 2 1 2 2 2 2
left_child=1 10 3 4 -3 6 8 9 -2 13 -1 12 -12 -7
right_child=5 2 -4 -5 -6 7 -8 -9 -10 -11 11 -13 -14 -15
leaf_value=0.01026652987399506 0.010364677370897727 0.0082166832334889181 -0.0079034486879347651 0.007576464085337813 -0.0025155916390444395 0.0017871264449949189 -0.0032917867736514811 0.0059553619978623797 0.00072775337594007631 -0.0042612810230944634 0.012108469286840055 -0.0052977650951748431 -0.0071519733614192503 0.01075510147316738
leaf_weight=81.401430815458298 248.49691915512085 409.54622788727283 676.29089806973934 672.26929003000259 1258.0233229994774 4192.2945504337549 1679.7997726202011 1675.3463408499956 4470.8837009370327 501.46867063641548 152.99761706590652 3737.4099626243114 138.12275673449039 231.47603721916676
leaf_count=326 1001 1664 2890 2701 5199 17071 6921 6740 18267 2081 632 15800 579 931
internal_value=-6.97834e-09 -0.00254548 -1.52424e-05 0.00226484 0.000120372 0.00139519 4.74475e-05 0.00270133 0.00123676 0.00159346 -0.00440149 -0.00469973 0.00296514 0.00225811
internal_weight=20125.8 7126.06 3016.13 2339.84 1667.57 12999.8 6399.18 6600.59 4719.38 4925.24 4109.93 4028.53 291.12 4423.77
internal_count=82803 29791 12454 9564 6863 53012 26189 26823 19268 20083 17337 17011 1211 18002
cat_boundaries=0 1
cat_threshold=4
is_linear=0
shrinkage=0.005


Tree=32
num_leaves=15
num_cat=0
split_feature=7 7 1 1 6 3 8 1 7 1 6 8 7 1
split_gain=2832.14 1242.2 2265.02 1275.87 950.146 905.659 1006.73 873.543 1106.04 920.377 820.077 772.738 648.437 596.668
threshold=23899.325918171362 18848.639990258187 1.5741378500157353 1.1567687509944695 0.42461054175345742 -0.86172992820007699 -0.0056949456063829776 15.112827140453616 50012.966460191681 18.943569628179855 0.32092834805438841 0.14137440970000684 1040154.8986812589 2.0712731094654351
decision_type=2 2 2 2 2 2 2 2 2 2 2 2 2 2
left_child=1 2 3 11 -5 6 -2 8 10 -9 -7 -1 -10 -4
right_child=5 -3 13 4 -6 7 -8 9 12 -11 -12 -13 -14 -15
leaf_value=0.0088544471368130918 0.0012304046595321182 -0.0045777948073846258 0.0062613785004419862 -0.0059285237976655723 0.0071572785804424532 0.0088768290195797867 -0.0032771832482664876 -0.0062100348482189219 0.0067897906779649441 0.0029571886199535316 0.00040120067006921642 -0.0079722913686041327 -0.00062574144141840354 -0.0080129578253515504
leaf_weight=299.23357471823692 4720.0483036339283 3638.1438832879066 1083.6348736286163 1783.8858148157597 149.82400694489479 320.99056439101696 1678.8534189760685 519.74999748170376 2296.6134228110313 577.1599345356226 2550.1313576102257 87.764284536242485 337.40873019397259 77.939633578062057
leaf_count=1230 19268 15371 4370 7511 609 1302 6921 2155 9264 2348 10384 370 1370 330
internal_value=-7.66026e-09 -0.00253477 -0.000399224 -0.00325264 -0.00491175 0.00138809 4.72131e-05 0.00268723 0.00349916 -0.0013851 0.00135102 0.00502663 0.005839 0.00529841
internal_weight=20121.4 7120.43 3482.28 2320.71 1933.71 13001 6398.9 6602.05 5505.14 1096.91 2871.12 386.998 2634.02 1161.57
internal_count=82803 29791 14420 9720 8120 53012 26189 26823 22320 4503 11686 1600 10634 4700
is_linear=0
shrinkage=0.005


Tree=33
num_leaves=15
num_cat=0
split_feature=7 5 2 3 8 5 5 5 5 5 7 5 5 5
split_gain=2805.18 1316.44 2370.44 896.335 997.05 931.835 866.279 781.187 1228.39 713.555 712.853 1255.96 1179.35 569.47
threshold=23899.325918171362 1.2816729187972631 -0.16030334578401811 -0.86172992820007699 -0.0056949456063829776 2.4565748266012024 1.1750272285020442 1.373026388948916 1.2945598170720023 1.1199657731962522 237485.23868586545 1.5866933847752973 1.688154461239965 3.4531489661231283
decision_type=2 2 2 2 2 2 2 2 2 2 2 2 2 2
left_child=1 9 7 4 6 10 -2 8 -3 -1 12 -12 -5 -8
right_child=3 2 -4 5 -6 -7 13 -9 -10 -11 11 -13 -14 -15
leaf_value=0.01023632726608382 0.010297337843779616 0.0081444095915631076 -0.006814944481185089 0.0012696782071801476 -0.0032626530890966544 0.0058929558755791891 0.0011528781274152736 0.0073698320668664045 -0.0020655678430519611 -0.004665075644996514 0.0060884440734288075 -0.0054156077599687678 0.0083983609842536288 -0.0066027794504888715
leaf_weight=81.416878551244736 248.72551737725735 410.13462156057358 898.8060399889946 3091.0321359485388 1677.9030818790197 1676.6659284681082 4221.9464473426342 663.23373880982399 1041.5689481347799 4019.9207420796156 339.96212592720985 781.5222540050745 714.21103985607624 250.17944493889809
leaf_count=326 1001 1664 3841 12586 6921 6740 17231 2664 4285 17011 1378 3235 2884 1036
internal_value=-1.33048e-08 -0.002524 -1.41668e-05 0.00138102 4.69738e-05 0.00267325 0.00122404 0.00287577 0.00081904 -0.00436744 0.00157653 -0.00192493 0.00260925 0.000717763
internal_weight=20117.2 7115.08 3013.74 13002.1 6398.75 6603.39 4720.85 2114.94 1451.7 4101.34 4926.73 1121.48 3805.24 4472.13
internal_count=82803 29791 12454 53012 26189 26823 19268 8613 5949 17337 20083 4613 15470 18267
is_linear=0
shrinkage=0.005


Tree=34
num_leaves=15
num_cat=0
split_feature=7 5 2 2 5 1 5 1 6 1 5 2 6 1
split_gain=2778.56 1305.17 2349.58 883.288 772.978 1229.27 706.854 727.27 1062.96 622.9 763.799 1502.97 920.662 567.663
threshold=23899.325918171362 1.2816729187972631 -0.16030334578401811 0.12578483119198183 1.373026388948916 1.3710928527307551 1.1199657731962522 1.1567687509944695 0.3830594110095647 1.4529386806145701 2.4221164630192429 -1.3361511896903264e-11 0.31041528899807297 1.4529386806145701
decision_type=2 2 2 2 2 2 2 2 2 2 2 2 2 2
left_child=1 6 4 9 5 -3 -1 8 -8 -2 12 -12 -11 -9
right_child=3 2 -4 -5 -6 -7 7 13 -10 10 11 -13 -14 -15
leaf_value=0.010182406389187803 0.0088864603834961677 0.011241127932767676 -0.0067925800804446573 -0.0082815706540894703 0.0073303688097399854 -0.001212612001180394 0.011993186582856511 -0.0074114801411947649 -0.0071059509235075549 0.0043592742011539041 -0.00079891061266510149 0.0070080715073460942 0.00011337632972194238 -0.0034808971617370037
leaf_weight=81.441366612911224 282.55504994094372 236.18284595012665 897.26201914250851 232.05043758451939 663.47233615815639 1215.5721825659275 153.43204146623611 1667.3463891595602 137.70043595135212 1504.3112365752459 1040.2133441269398 1510.7015458494425 8433.0994823276997 2057.0819285511971
leaf_count=326 1138 957 3841 960 2664 4992 632 7110 579 6109 4239 6099 34467 8690
internal_value=-1.4387e-08 -0.00251336 -1.41056e-05 0.00137404 0.00286101 0.000814911 -0.00435021 -0.0046468 0.00295437 0.00155 0.00138345 0.00382402 0.000756553 -0.00524196
internal_weight=20112.4 7109.49 3012.49 13002.9 2115.23 1451.76 4097 4015.56 291.132 12770.9 12488.3 2550.91 9937.41 3724.43
internal_count=82803 29791 12454 53012 8613 5949 17337 17011 1211 52052 50914 10338 40576 15800
is_linear=0
shrinkage=0.005


Tree=35
num_leaves=15
num_cat=0
split_feature=7 0 0 7 3 8 0 8 7 0 8 7 0 7
split_gain=2752.22 1502.12 951.689 975.616 888.042 986.327 864.455 779.233 1164.32 688.338 661.229 615.279 582.485 682.253
threshold=23899.325918171362 0.42243372439126181 0.58072001973519727 18848.639990258187 -0.86172992820007699 -0.0056949456063829776 0.36687286031879046 -0.0084619700183081528 50012.966460191681 0.29656993178922203 -0.017018537190195863 21705.266040297709 0.03831539077558388 29877.689921728346
decision_type=2 2 2 2 2 2 2 2 2 2 2 2 2 2
left_child=1 6 3 10 5 -2 -1 12 9 -9 -3 -5 -6 -14
right_child=4 2 -4 11 7 -7 -8 8 -10 -11 -12 -13 13 -15
leaf_value=0.00051010080510213479 0.001209454446336782 0.0066904085926526094 -0.0069583144509938058 -0.0044853552369629344 -0.0014307371897319004 -0.0032535062787787854 -0.0067146784714281673 -0.0026956519782674426 0.0068244485404014496 0.0038091029526173717 0.00059340107046239397 0.0091984614265700256 0.00075245155198222957 0.0082039914367005931
leaf_weight=506.38418982923031 4722.187988832593 569.45035517215729 527.98792733252048 1129.8145209401846 1506.0430434495211 1677.2747017145157 2252.6183003038168 687.10241517424583 1957.5741867721081 994.34477052092552 2029.3461767435074 88.01573933660984 1020.2813389599323 439.62941278517246
leaf_count=2081 19268 2318 2258 4757 6157 6921 9686 2794 7894 4041 8338 353 4158 1779
internal_value=-1.77727e-08 -0.00250288 -0.000669792 0.000200297 0.00136701 3.91761e-05 -0.00538789 0.00265305 0.00420349 0.00114952 0.00193137 -0.00349097 0.000749528 0.00300012
internal_weight=20108.1 7103.62 4344.61 3816.63 13004.4 6399.46 2759 6604.98 3639.02 1681.45 2598.8 1217.83 2965.95 1459.91
internal_count=82803 29791 18024 15766 53012 26189 11767 26823 14729 6835 10656 5110 12094 5937
is_linear=0
shrinkage=0.005


Tree=36
num_leaves=15
num_cat=1
split_feature=7 0 5 5 3 8 5 0 5 5 9 5 8 5
split_gain=2726.04 1490.4 1201.53 1345.88 878.878 976.849 908.807 858.452 856.262 815.517 740.582 684.292 641.53 563.608
threshold=23899.325918171362 0.42243372439126181 1.2816729187972631 1.4567170705890871 -0.86172992820007699 -0.0056949456063829776 2.4565748266012024 0.36687286031879046 1.1750272285020442 1.3086051152408287 0 2.1920803104026487 0.0099982117987582834 3.4531489661231283
decision_type=2 2 2 2 2 2 2 2 2 2 1 2 2 2
left_child=1 7 12 9 5 8 10 -1 -2 -4 11 -6 -3 -10
right_child=4 2 3 -5 6 -7 -8 -9 13 -11 -12 -13 -14 -15
leaf_value=0.00050751108419090976 0.010219298082863039 -0.00094729657551952476 0.00065387028877384595 -0.007577296985837618 0.0017444149669827069 -0.0032390951387679429 0.0058174263616505633 -0.0066930644631592786 0.0011323274868913617 0.0079312953311750523 -0.0042065005101868105 0.010560469725169077 -0.0061612806319768301 -0.0065862974461790855
leaf_weight=506.42574098706245 248.97154879570007 1573.4024219214916 777.15715160965919 283.56341308355331 4196.2542307525873 1676.3180472254753 1678.0104414075613 2248.6049225330353 4224.027018353343 764.09730398654938 500.17139768600464 231.98240701854229 944.94007800519466 249.96765504777431
leaf_count=2081 1001 6588 3166 1212 17071 6921 6740 9686 17231 3063 2081 931 3995 1036
internal_value=-2.09651e-08 -0.00249228 -0.000666667 0.00242166 0.00136004 3.8977e-05 0.00263921 -0.00536871 0.00120321 0.00426477 0.00155611 0.00220797 -0.00290553 0.000699832
internal_weight=20103.9 7098.19 4343.16 1824.82 13005.7 6399.28 6606.42 2755.03 4722.97 1541.25 4928.41 4428.24 2518.34 4473.99
internal_count=82803 29791 18024 7441 53012 26189 26823 11767 19268 6229 20083 18002 10583 18267
cat_boundaries=0 1
cat_threshold=4
is_linear=0
shrinkage=0.005


Tree=37
num_leaves=15
num_cat=0
split_feature=7 0 2 2 2 3 1 2 7 0 7 1 6 1
split_gain=2700.27 1478.69 1302.89 1517.84 874.626 931.541 951.692 1503.25 1436 852.513 772.308 746.096 668.951 710.823
threshold=23899.325918171362 0.42243372439126181 -0.31487392158386673 -0.16030334578401811 0.12578483119198183 -0.86172992820007699 15.112827140453616 -8.4974527414516371e-12 50012.966460191681 0.36687286031879046 21705.266040297709 1.5741378500157353 0.30987963421346676 1.4529386806145701
decision_type=2 2 2 2 2 2 2 2 2 2 2 2 2 2
left_child=1 9 -3 11 5 12 8 -8 -7 -1 -5 -4 -2 -14
right_child=4 2 3 10 -6 6 7 -9 -10 -11 -12 -13 13 -15
leaf_value=0.00050493491967973055 0.0034235586782452843 -0.0065707836212761869 -0.0001961144494227736 -0.0063641172139632524 -0.0082604586977787359 0.001316495784370415 -0.006376748139253775 0.0054748871664788033 0.0065014497851087569 -0.0066716212403588751 0.0091551230252469862 0.0051161228680992729 0.009351933013528789 -0.0010035566518719536
leaf_weight=506.46702881157398 1257.2853732556105 767.83857721090317 1282.5999751985073 841.51272147893906 231.79171432554722 2873.483551800251 634.45147457718849 461.77830401062965 2497.1905457228422 2244.5647382438183 88.038070186972618 1361.266806229949 171.00898684561253 4879.4916045963764
leaf_count=2081 5100 3280 5300 3576 960 11686 2632 1871 10052 9686 353 5515 688 20023
internal_value=-2.63892e-08 -0.0024819 -0.000663636 0.000605705 0.00135316 0.00152811 0.00286153 -0.00138184 0.00372818 -0.00534965 -0.00488747 0.00253854 0.000160534 -0.000651536
internal_weight=20098.8 7092.29 4341.26 3573.42 13006.5 12774.7 6466.9 1096.23 5370.67 2751.03 929.551 2643.87 6307.79 5050.5
internal_count=82803 29791 18024 14744 53012 52052 26241 4503 21738 11767 3929 10815 25811 20711
is_linear=0
shrinkage=0.005


Tree=38
num_leaves=15
num_cat=0
split_feature=7 5 2 2 3 1 2 7 5 1 5 1 6 6
split_gain=2674.78 1267.85 2282.6 866.847 921.969 941.722 1489.14 1420.64 751.28 1217.02 687.45 717.29 1047.86 662.061
threshold=23899.325918171362 1.2816729187972631 -0.16030334578401811 0.12578483119198183 -0.86172992820007699 15.112827140453616 -8.4974527414516371e-12 50012.966460191681 1.373026388948916 1.3710928527307551 1.1199657731962522 1.1567687509944695 0.3830594110095647 0.30987963421346676
decision_type=2 2 2 2 2 2 2 2 2 2 2 2 2 2
left_child=1 10 8 4 13 7 -7 -6 9 -3 -1 12 -12 -2
right_child=3 2 -4 -5 5 6 -8 -9 -10 -11 11 -13 -14 -15
leaf_value=0.010039774411045433 0.0034051179963792699 0.011168138476735897 -0.006716424638112721 -0.0082319451101988943 0.0013096949554080718 -0.0063525448205767289 0.0054442265255388199 0.0064660312497702441 0.0072242519202077105 -0.0012171518448627352 0.011924320359252836 -0.0051746027708678326 -0.0070499957818878772 -0.00064835695073545976
leaf_weight=81.486155331134796 1257.7753080427647 236.48658095300198 891.54110844433308 231.43424305319786 2873.9640114456415 633.68820056319237 462.05914847552776 2498.3147345930338 663.86049209535122 1215.1032506674528 153.68507719039917 3706.9362880885601 137.18299886584282 5049.8421357423067
leaf_count=326 5100 957 3841 960 11686 2632 1871 10052 2664 4992 632 15800 579 20711
internal_value=-3.28205e-08 -0.0024716 -7.37961e-06 0.00134633 0.00152036 0.00284673 -0.00137554 0.00370843 0.00281984 0.000802034 -0.00428723 -0.0045811 0.00297008 0.000159739
internal_weight=20093.4 7086.28 3006.99 13007.1 12775.6 6468.03 1095.75 5372.28 2115.45 1451.59 4079.29 3997.8 290.868 6307.62
internal_count=82803 29791 12454 53012 52052 26241 4503 21738 8613 5949 17337 17011 1211 25811
is_linear=0
shrinkage=0.005


Tree=39
num_leaves=15
num_cat=0
split_feature=7 0 2 2 5 2 0 5 1 1 2 5 8 6
split_gain=2649.51 1459.63 1286.26 1440.82 1127.54 859.153 842.876 793.141 612.698 741.458 961.064 755.83 404.625 590.608
threshold=23899.325918171362 0.42243372439126181 -0.31862323479835714 -0.16030334578401811 1.3086051152408287 0.12578483119198183 0.36687286031879046 1.1199657731962522 1.4529386806145701 1.9275368684270942 -0.11885028322426848 1.1750272285020442 0.11798043861503268 0.3882832195454804
decision_type=2 2 2 2 2 2 2 2 2 2 2 2 2 2
left_child=1 6 -3 4 -4 8 12 -5 -2 11 -11 -10 13 -1
right_child=5 2 3 7 -6 -7 -8 -9 9 10 -12 -13 -14 -15
leaf_value=0.0038875708489638857 0.0087840344727094285 -0.0069271345624348337 0.00032976764063481317 0.0099888302121627255 0.0074620904063331574 -0.0082037548420905611 -0.0066335975740159231 -0.0062928900848688383 0.0057720383714627869 0.0085168881641009605 0.0014965848717262457 -0.0032171644912977588 0.010215207405762584 -0.0080233248084397527
leaf_weight=227.44143529236317 282.91668085753918 687.28790619969368 1947.7888581603765 81.494763314723969 774.43197084963322 231.07099665701389 2237.236544251442 845.61242265999317 279.59118303656578 511.49210476875305 10290.240295782685 1412.4223447740078 88.104719951748848 190.86827482283115
leaf_count=936 1138 2952 8038 326 3105 960 9686 3603 1133 2064 41946 5771 357 788
internal_value=-3.65927e-08 -0.00246134 -0.000654759 0.000526637 0.00236072 0.00133953 -0.00531527 -0.00485438 0.00151263 0.00134743 0.00182963 -0.00172903 0.000504709 -0.00154431
internal_weight=20088 7080.27 4336.62 3649.33 2722.22 13007.7 2743.65 927.107 12776.7 12493.7 10801.7 1692.01 506.414 418.31
internal_count=82803 29791 18024 15072 11143 53012 11767 3929 52052 50914 44010 6904 2081 1724
is_linear=0
shrinkage=0.005


Tree=40
num_leaves=15
num_cat=0
split_feature=7 0 2 2 3 8 0 1 2 7 2 1 7 0
split_gain=2624.53 1448.22 1275.81 1427.61 853.118 962.728 837.025 828.267 1474.82 1043.02 1121.48 801.022 752.504 741.029
threshold=23899.325918171362 0.42243372439126181 -0.31862323479835714 -0.16030334578401811 -0.86172992820007699 -0.0056949456063829776 0.36687286031879046 15.112827140453616 -8.4974527414516371e-12 50012.966460191681 0.12578483119198183 1.5741378500157353 21705.266040297709 0.29977094859707604
decision_type=2 2 2 2 2 2 2 2 2 2 2 2 2 2
left_child=1 6 -3 11 5 -2 -1 9 -9 13 -11 -4 -5 -6
right_child=4 2 3 12 7 -7 -8 8 -10 10 -12 -13 -14 -15
leaf_value=0.00050222440824193571 0.0011862560691389473 -0.0069051388594998774 -0.00036299694530993664 -0.0063009655125203633 -0.0016782454970132202 -0.003224638850275074 -0.0066126173983549153 -0.006334177488352302 0.0054054980461046087 0.0064230684498872946 -0.0080870916820143853 0.0050590160242446457 0.0090194364730567765 0.0034614550758793102
leaf_weight=506.38651897013187 4724.0111799538136 686.03454823791981 1360.6689216196537 837.73769821226597 1210.6710934191942 1675.3481312543154 2233.1249427497387 633.09927321970463 462.40560336410999 2499.615225404501 140.09094339609146 1361.8371884524822 88.060070097446442 1664.1576428860426
leaf_count=2081 19268 2952 5628 3576 4926 6921 9686 2632 1871 10052 582 5515 353 6760
internal_value=-3.97046e-08 -0.00245127 -0.00065183 0.000524155 0.00133266 3.09343e-05 -0.00529671 0.00259243 -0.00137645 0.00338138 0.00565067 0.00234869 -0.00483694 0.0012962
internal_weight=20083.2 7073.85 4334.34 3648.3 13009.4 6399.36 2739.51 6610.04 1095.5 5514.53 2639.71 2722.51 925.798 2874.83
internal_count=82803 29791 18024 15072 53012 26189 11767 26823 4503 22320 10634 11143 3929 11686
is_linear=0
shrinkage=0.005


Tree=41
num_leaves=15
num_cat=0
split_feature=7 5 2 2 3 8 2 7 2 5 5 5 8 8
split_gain=2599.8 1238.28 2228.94 846.873 903.409 1030.61 885.596 2089.51 809.048 729.863 1195.61 669.17 634.354 536.825
threshold=23899.325918171362 1.2816729187972631 -0.16030334578401811 0.12578483119198183 -0.86172992820007699 -0.0056949456063829776 -8.4974527414516371e-12 49407.05743635205 0.092604782003031141 1.373026388948916 1.2945598170720023 1.1199657731962522 0.00058869745477706183 0.025242202446541327
decision_type=2 2 2 2 2 2 2 2 2 2 2 2 2 2
left_child=1 11 9 4 5 8 12 -8 -2 10 -3 -1 -6 -13
right_child=3 2 -4 -5 6 -7 7 -9 -10 -11 -12 13 -14 -15
leaf_value=0.0098937538953924129 0.00091427150418891146 0.0080078055115394373 -0.0066569634732655527 -0.0081607390741695023 -0.00020047688701784684 -0.0032103718190479346 -0.0055629294163818737 0.0071076075602915399 0.011046322376301454 0.0071228959368525866 -0.0020578391228340013 -0.0032336229244486641 0.0039191200281529 -0.007135029170644196
leaf_weight=81.49982026219368 4428.3493060320616 411.17303766310215 886.96709650754929 230.50337810814381 2486.2315292656422 1674.3840142786503 384.25709389150143 2104.7526823282242 205.77988922595978 664.25555191934109 1040.1336358189583 2660.6776278465986 1495.6279848814011 1322.9521206319332
leaf_count=326 18050 1664 3841 960 10144 6921 1564 8473 840 2664 4285 11312 6060 5699
internal_value=-4.91295e-08 -0.00244116 -5.06502e-06 0.00132594 0.00149757 0.000150706 0.00281013 0.00514978 0.00136587 0.00278353 0.000793936 -0.00423965 0.00134656 -0.00453063
internal_weight=20077.5 7067.66 3002.53 13009.9 12779.4 6308.51 6470.87 2489.01 4634.13 2115.56 1451.31 4065.13 3981.86 3983.63
internal_count=82803 29791 12454 53012 52052 25811 26241 10037 18890 8613 5949 17337 16204 17011
is_linear=0
shrinkage=0.005


Tree=42
num_leaves=15
num_cat=0
split_feature=0 0 2 2 5 2 3 2 1 1 5 5 1 6
split_gain=2401.83 1593.05 1259.4 1460.78 1043.63 821.949 777.886 1025.71 1624.93 1546.05 773.322 763.652 737.002 707.76
threshold=0.36989354441652328 0.42243372439126181 -0.31487392158386673 -0.16030334578401811 1.3086051152408287 0.12578483119198183 -0.86172992820007699 -8.4974527414516371e-12 15.112827140453616 6.4800337020311511 1.1199657731962522 1.1299483374408508 1.4529386806145701 0.30987963421346676
decision_type=2 2 2 2 2 2 2 2 2 2 2 2 2 2
left_child=5 11 -3 4 -4 6 12 8 -8 -9 -5 -2 -1 -14
right_child=1 2 3 10 -6 -7 7 9 -10 -11 -12 -13 13 -15
leaf_value=0.0084963045098475406 0.010448504379150889 -0.0064763044556816387 0.0004697176340951474 0.0098449709093895894 0.0073716138177313964 -0.0081333481928922164 0.0023718872849121165 -0.0049965868904996618 -0.0063115589485846606 0.0066541785246272888 -0.006234777667644016 -0.0062474931557784828 0.0032422219434180312 -0.0010382301515701388
leaf_weight=252.91129632294178 70.050371527671814 762.0087426751852 1869.3156566023827 81.49662384390831 774.7642420232296 230.12588065862656 3619.5076208114624 327.28376930952072 632.36718581616879 2162.7238839864731 842.01721757650375 2291.4675699919462 1198.7254295349121 4957.5000848472118
leaf_count=1017 281 3280 7710 326 3105 960 14684 1334 2632 8704 3603 9947 4858 20362
internal_value=-5.50836e-08 -0.00244598 -0.000643324 0.000602585 0.00249406 0.00122287 0.00138708 0.00257269 0.00107925 0.00512112 -0.00480854 -0.00574907 0.000139426 -0.000204149
internal_weight=20072.3 6691.12 4329.6 3567.59 2644.08 13381.1 13151 6741.88 4251.87 2490.01 923.514 2361.52 6409.14 6156.23
internal_count=82803 28252 18024 14744 10815 54551 53591 27354 17316 10038 3929 10228 26237 25220
is_linear=0
shrinkage=0.005


Tree=43
num_leaves=15
num_cat=0
split_feature=0 0 2 2 5 2 3 2 0 5 5 2 2 0
split_gain=2379.36 1580.9 1249.65 1395.5 1088.49 814.743 769.931 1014.93 1427.13 766.503 756.914 660.102 1095.69 848.901
threshold=0.36989354441652328 0.42243372439126181 -0.31862323479835714 -0.16030334578401811 1.3086051152408287 0.12578483119198183 -0.86172992820007699 -8.4974527414516371e-12 0.097400267985955663 1.1199657731962522 1.1299483374408508 -0.21604475863889608 -0.17165799918112409 0.35538423167990024
decision_type=2 2 2 2 2 2 2 2 2 2 2 2 2 2
left_child=5 10 -3 4 -4 6 11 -8 -9 -5 -2 13 -13 -1
right_child=1 2 3 9 -6 -7 7 8 -10 -11 -12 12 -14 -15
leaf_value=0.010278430637279345 0.010391197998981362 -0.0068468132902093403 0.00032719566456122258 0.0097969007166360863 0.007333597847769103 -0.0081062622264004222 0.0010738030203292952 0.0066950789746338599 -0.0038457276277537628 -0.0062135119588336233 -0.0062271615659961225 -0.0082091570480866509 0.00026092714953761758 -0.0035688712357884013
leaf_weight=331.80543152987957 70.087172299623489 682.60405293107033 1947.5576488375664 81.489487767219543 774.88883310556412 229.74296756088734 4252.0346361249685 2112.7606255561113 377.98934450745583 840.67955015599728 2287.4661192595959 409.75697293877602 5502.0078210830688 165.30849555134773
leaf_count=1337 281 2952 8038 326 3105 960 17316 8498 1540 3603 9947 1680 22543 677
internal_value=-6.04135e-08 -0.00243607 -0.000640461 0.000522027 0.00232332 0.00121672 0.00138008 0.00255947 0.00509398 -0.00479146 -0.00572996 0.000138737 -0.000326374 0.00566972
internal_weight=20066.2 6684.77 4327.22 3644.62 2722.45 13381.4 13151.7 6742.78 2490.75 922.169 2357.55 6408.88 5911.76 497.114
internal_count=82803 28252 18024 15072 11143 54551 53591 27354 10038 3929 10228 26237 24223 2014
is_linear=0
shrinkage=0.005


Tree=44
num_leaves=15
num_cat=0
split_feature=5 1 1 5 6 5 5 6 6 1 1 6 1 5
split_gain=1954.9 1996.93 1200.49 1142.5 1248.68 1019.93 1003.83 1134.34 759.354 675.651 631.66 990.332 765.615 554.105
threshold=1.2799065304589672 1.9275368684270942 1.4529386806145701 1.2099485615865169 0.38588352749438731 2.4221164630192429 3.4531489661231283 0.37705789422119634 0.30619837811208755 2.7165254027248698 1.1567687509944695 0.38372591188945732 1.460835640541853 1.1675991483337904
decision_type=2 2 2 2 2 2 2 2 2 2 2 2 2 2
left_child=1 10 -2 4 9 -4 8 -8 -7 -3 11 -1 -12 -6
right_child=2 3 5 -5 13 6 7 -9 -10 -11 12 -13 -14 -15
leaf_value=0.011830298343914065 0.0085209687961470583 0.0080742255865544899 0.00011795850204945786 -0.0082693562591264844 -0.0052368174433408566 -0.0068379973748772804 -0.0047390855741855434 0.0054506718230666017 0.0073692721827523493 0.0010987085796217897 -0.0068517742476005066 -0.0080497623288070946 -0.0027008468996327856 0.011232226740617033
leaf_weight=154.39600595831871 533.64478516578674 924.56473830342293 9648.7427709102631 247.90276539325714 475.5634178519249 100.47942110896111 580.17818087339401 515.15009470283985 1358.21314021945 557.38638041913509 1749.8352342247963 104.60111102461815 3053.151967599988 56.658819749951363
leaf_count=634 2159 3742 39661 1013 1974 406 2387 2084 5462 2269 7553 443 12786 230
internal_value=-6.60834e-08 -0.00205841 0.00118342 0.00184611 0.0030941 0.000861999 0.00367133 5.13364e-05 0.00638691 0.00545356 -0.00380375 0.00379167 -0.0042142 -0.00346998
internal_weight=20060.5 7324.06 12736.4 2262.08 2014.17 12202.8 2554.02 1095.33 1458.69 1481.95 5061.98 258.997 4802.99 532.222
internal_count=82803 30644 52159 9228 8215 50000 10339 4471 5868 6011 21416 1077 20339 2204
is_linear=0
shrinkage=0.005


Tree=45
num_leaves=15
num_cat=0
split_feature=7 0 2 2 5 2 3 8 2 7 0 2 5 8
split_gain=2512.83 1406.77 1231.99 1381.12 1076.87 824.099 875.594 1016.89 852.587 2031.55 813.4 801.403 756.141 622.626
threshold=23899.325918171362 0.42243372439126181 -0.31862323479835714 -0.16030334578401811 1.3086051152408287 0.12578483119198183 -0.86172992820007699 -0.0056949456063829776 -8.4974527414516371e-12 49407.05743635205 0.36687286031879046 0.092604782003031141 1.1199657731962522 0.00058869745477706183
decision_type=2 2 2 2 2 2 2 2 2 2 2 2 2 2
left_child=1 10 -3 4 -4 6 7 11 13 -10 -1 -2 -5 -8
right_child=5 2 3 12 -6 -7 8 -9 9 -11 -12 -13 -14 -15
leaf_value=0.0004912342394180506 0.0009015810767176118 -0.006806406567866137 0.0003266479607269006 0.0097192696259091813 0.0072953769431863477 -0.0080798647868652526 -0.00020664138088787956 -0.0031953655739017039 -0.005516567168945408 0.0069836698629787385 -0.0065271468635170636 0.01097871874816162 -0.0061857894909212452 0.0038737699034586803
leaf_weight=506.45042327046394 4428.7127940952778 680.13532511889935 1947.2620275020599 81.468868985772133 774.99347248673439 229.36043086647987 2486.1538280397654 1673.3061945736408 383.67318895459175 2107.6445738822222 2215.7221969366074 206.0759506970644 838.926947504282 1496.737711161375
leaf_count=2081 18050 2952 8038 326 3105 960 10144 6921 1564 8473 9686 840 3603 6060
internal_value=-6.98566e-08 -0.00240529 -0.000631411 0.000521639 0.00231246 0.00130205 0.0014709 0.000144693 0.00276258 0.00505686 -0.00522063 0.00135131 -0.00477073 0.00132641
internal_weight=20056.6 7044.96 4322.79 3642.65 2722.26 13011.7 12782.3 6308.09 6474.21 2491.32 2722.17 4634.79 920.396 3982.89
internal_count=82803 29791 18024 15072 11143 53012 52052 25811 26241 10037 11767 18890 3929 16204
is_linear=0
shrinkage=0.005


Tree=46
num_leaves=15
num_cat=0
split_feature=7 0 2 2 2 3 8 1 2 7 0 2 7 1
split_gain=2489.27 1395.79 1222.48 1419.59 816.876 866.611 1007.09 915.802 1421.33 1343.65 807.922 792.028 718.05 703.584
threshold=23899.325918171362 0.42243372439126181 -0.31487392158386673 -0.16030334578401811 0.12578483119198183 -0.86172992820007699 -0.0056949456063829776 15.112827140453616 -8.4974527414516371e-12 50012.966460191681 0.36687286031879046 0.092604782003031141 21705.266040297709 1.5741378500157353
decision_type=2 2 2 2 2 2 2 2 2 2 2 2 2 2
left_child=1 10 -3 13 5 6 11 9 -9 -7 -1 -2 -5 -4
right_child=4 2 3 12 -6 7 -8 8 -10 -11 -12 -13 -14 -15
leaf_value=0.00048874237036577778 0.00089696798602749504 -0.0063977144093525576 -0.00019933491045375569 -0.0061945902741385077 -0.008053369805579743 0.0012647152869120553 -0.0031812441493579082 -0.0062952571621348779 0.0052236779886892272 0.0062758727280496883 -0.0065069744983050574 0.010907996543147214 0.0087817134188763989 0.0049588768176248013
leaf_weight=506.48997044563293 4429.2336884886026 756.87854631245136 1281.9178975820541 831.02957178652287 228.96706038713455 2876.6911246329546 1672.3349187523127 631.8195636421442 463.90363767743111 2502.8666349351406 2211.4903824776411 206.37747964262962 87.992035001516342 1362.4829339832067
leaf_count=2081 18050 3280 5300 3576 960 11686 6921 2632 1871 10052 9686 840 353 5515
internal_value=-7.58628e-08 -0.00239554 -0.000628618 0.000596775 0.00129548 0.00146344 0.000143974 0.0027483 -0.00141597 0.00359701 -0.00520257 0.00134433 -0.00475396 0.00245784
internal_weight=20050.5 7038.28 4320.3 3563.42 13012.2 12783.2 6307.95 6475.28 1095.72 5379.56 2717.98 4635.61 919.022 2644.4
internal_count=82803 29791 18024 14744 53012 52052 25811 26241 4503 21738 11767 18890 3929 10815
is_linear=0
shrinkage=0.005


Tree=47
num_leaves=15
num_cat=0
split_feature=5 1 1 5 6 5 2 6 1 1 6 1 2 2
split_gain=1904.37 1957.44 1191.13 1131.29 1230.3 996.235 1434.82 1202.06 668.048 624.13 976.973 752.929 621.755 617.873
threshold=1.2799065304589672 1.9275368684270942 1.4529386806145701 1.2099485615865169 0.38588352749438731 2.4221164630192429 -1.3361511896903264e-11 0.3830594110095647 2.7165254027248698 1.1567687509944695 0.38372591188945732 1.460835640541853 0.12578483119198183 -0.11646513026629113
decision_type=2 2 2 2 2 2 2 2 2 2 2 2 2 2
left_child=1 9 -2 4 8 12 7 -7 -3 10 -1 -11 -4 -6
right_child=2 3 5 -5 13 6 -8 -9 -10 11 -12 -13 -14 -15
leaf_value=0.011748509047451314 0.0084742014069954241 0.008015419488645141 0.0003097938078820579 -0.0082420459417318313 0.01097190560890463 -0.0035141001859778217 0.0067304183518824843 0.010117340180857984 0.0010810874225979357 -0.0067987268844179336 -0.008009393006337422 -0.0026746841286384351 -0.0080271657571465913 -0.0054623554319845266
leaf_weight=154.68788021802902 533.94572420418262 925.24172462522984 9416.9758958369493 247.61647135019302 64.613920837640762 841.18284091353416 1513.49087010324 199.6599430590868 557.61371976137161 1741.3267283439636 104.24577394127846 3048.072448939085 228.56856136023998 466.80742119252682
leaf_count=634 2159 3742 38701 1013 261 3437 6100 802 2269 7553 443 12786 960 1943
internal_value=-8.26038e-08 -0.0020342 0.0011675 0.0018301 0.00307126 0.000847172 0.00362337 -0.000893242 0.00541076 -0.0037661 0.00378431 -0.00417518 0.00011157 -0.00345103
internal_weight=20044 7310.23 12733.8 2261.89 2014.28 12199.9 2554.33 1040.84 1482.86 5048.33 258.934 4789.4 9645.54 531.421
internal_count=82803 30644 52159 9228 8215 50000 10339 4239 6011 21416 1077 20339 39661 2204
is_linear=0
shrinkage=0.005


Tree=48
num_leaves=15
num_cat=1
split_feature=7 0 5 5 3 5 0 5 7 7 1 1 9 5
split_gain=2448.74 1382.08 1079.02 1257 801.304 821.367 799.782 768.931 721.901 950.607 853.9 734.52 701.393 683.749
threshold=23899.325918171362 0.42243372439126181 1.2816729187972631 1.4567170705890871 -0.86172992820007699 2.4565748266012024 0.36687286031879046 1.3086051152408287 36226.298777936223 29721.721309731682 6.6272425868287153 1.4529386806145701 0 4.717860833944262
decision_type=2 2 2 2 2 2 2 2 2 2 2 2 1 2
left_child=1 6 -3 7 8 12 -1 -4 9 11 -10 -2 -6 -12
right_child=4 2 3 -5 5 -7 -8 -9 10 -11 13 -13 -14 -15
leaf_value=0.00048511239922163985 0.0095227860748891002 -0.0027578156193836158 0.00056886540001302725 -0.0074419950369263299 0.0021072460923721339 0.0055221922188619489 -0.0064769208622598301 0.0076309175766809704 -0.005899228807074575 0.008961591952330681 -0.00067572081420081743 -0.00018735028337366359 -0.0041448906132946816 0.010680866940878022
leaf_weight=506.52952307462692 214.42817032337189 2493.2925285995007 778.52706038951874 279.49576640129089 4434.4153484404087 1681.6425285935402 2205.0664180219173 764.6837033778429 823.51787561178207 413.41619609296322 2737.1185915023088 2070.6173688471317 498.36541242897511 138.77603800594807
leaf_count=2081 859 10583 3166 1212 18002 6740 9686 3063 3395 1669 11244 8450 2081 572
internal_value=-8.59849e-08 -0.00237842 -0.000620047 0.0023028 0.00128424 0.00250446 -0.00517563 0.00407117 2.22231e-05 0.00198893 -0.00141175 0.000724637 0.00147472 -0.000125079
internal_weight=20039.9 7027.59 4316 1822.71 13012.3 6614.42 2711.6 1543.21 6397.87 2698.46 3699.41 2285.05 4932.78 2875.89
internal_count=82803 29791 18024 7441 53012 26823 11767 6229 26189 10978 15211 9309 20083 11816
cat_boundaries=0 1
cat_threshold=4
is_linear=0
shrinkage=0.005


Tree=49
num_leaves=15
num_cat=0
split_feature=7 7 1 1 6 3 8 1 7 1 6 8 7 1
split_gain=2425.73 1120.84 2017.75 1208.07 874.799 793.104 924.115 800.45 979.307 846.988 808.544 718.585 613.726 535.306
threshold=23899.325918171362 18848.639990258187 1.5741378500157353 1.1567687509944695 0.42461054175345742 -0.86172992820007699 -0.0056949456063829776 15.112827140453616 50012.966460191681 18.943569628179855 0.32092834805438841 0.14137440970000684 1040154.8986812589 2.0712731094654351
decision_type=2 2 2 2 2 2 2 2 2 2 2 2 2 2
left_child=1 2 3 11 -5 6 -2 8 10 -9 -7 -1 -10 -4
right_child=5 -3 13 4 -6 7 -8 9 12 -11 -12 -13 -14 -15
leaf_value=0.0086398335661216318 0.001152746786302477 -0.0043324539272834332 0.0059308734208428282 -0.0056921045456936308 0.0068389757504562958 0.0087077515756749917 -0.0031721537568045383 -0.006070838900068435 0.0063875468434365203 0.0027334967686037464 0.00030446754052312902 -0.0077126110405292651 -0.00081536651549912254 -0.0077383888757178226
leaf_weight=300.52096651494503 4725.7484963536263 3570.5133129507303 1085.3350072056055 1752.2087519615889 150.70316968858242 321.97071915864944 1671.6044573485851 515.69128157198429 2304.0203877687454 579.3509633243084 2555.8615149408579 85.905953750014305 338.45462135970592 76.104220300912857
leaf_count=1230 19268 15371 4370 7511 609 1302 6921 2155 9264 2348 10384 370 1370 330
internal_value=-8.88154e-08 -0.00236866 -0.000335677 -0.00305946 -0.00469684 0.00127778 2.21161e-05 0.00249159 0.00326631 -0.00141135 0.00124684 0.00499282 0.00546405 0.00503009
internal_weight=20034 7021.29 3450.78 2289.34 1902.91 13012.7 6397.35 6615.35 5520.31 1095.04 2877.83 386.427 2642.48 1161.44
internal_count=82803 29791 14420 9720 8120 53012 26189 26823 22320 4503 11686 1600 10634 4700
is_linear=0
shrinkage=0.005


end of trees

feature_importances:
Column_5=193
Column_7=107
Column_2=98
Column_1=91
Column_0=81
Column_8=44
Column_6=39
Column_3=34
Column_9=12
Column_4=1

parameters:
[boosting: gbdt]
[objective: binary]
[metric: auc]
[tree_learner: serial]
[device_type: cpu]
[data_sample_strategy: bagging]
[data: ]
[valid: ]
[num_iterations: 50]
[learning_rate: 0.005]
[num_leaves: 15]
[num_threads: 14]
[seed: 42]
[deterministic: 0]
[force_col_wise: 1]
[force_row_wise: 0]
[histogram_pool_size: -1]
[max_depth: 5]
[min_data_in_leaf: 50]
[min_sum_hessian_in_leaf: 0.001]
[bagging_fraction: 1]
[pos_bagging_fraction: 1]
[neg_bagging_fraction: 1]
[bagging_freq: 0]
[bagging_seed: 400]
[bagging_by_query: 0]
[feature_fraction: 0.7]
[feature_fraction_bynode: 1]
[feature_fraction_seed: 30056]
[extra_trees: 0]
[extra_seed: 12879]
[early_stopping_round: 0]
[early_stopping_min_delta: 0]
[first_metric_only: 0]
[max_delta_step: 0]
[lambda_l1: 0.5]
[lambda_l2: 0.5]
[linear_lambda: 0]
[min_gain_to_split: 0]
[drop_rate: 0.1]
[max_drop: 50]
[skip_drop: 0.5]
[xgboost_dart_mode: 0]
[uniform_drop: 0]
[drop_seed: 17869]
[top_rate: 0.2]
[other_rate: 0.1]
[min_data_per_group: 100]
[max_cat_threshold: 32]
[cat_l2: 10]
[cat_smooth: 10]
[max_cat_to_onehot: 4]
[top_k: 20]
[monotone_constraints: ]
[monotone_constraints_method: basic]
[monotone_penalty: 0]
[feature_contri: ]
[forcedsplits_filename: ]
[refit_decay_rate: 0.9]
[cegb_tradeoff: 1]
[cegb_penalty_split: 0]
[cegb_penalty_feature_lazy: ]
[cegb_penalty_feature_coupled: ]
[path_smooth: 0]
[interaction_constraints: ]
[verbosity: -1]
[saved_feature_importance_type: 0]
[use_quantized_grad: 0]
[num_grad_quant_bins: 4]
[quant_train_renew_leaf: 0]
[stochastic_rounding: 1]
[linear_tree: 0]
[max_bin: 255]
[max_bin_by_feature: ]
[min_data_in_bin: 3]
[bin_construct_sample_cnt: 200000]
[data_random_seed: 175]
[is_enable_sparse: 1]
[enable_bundle: 1]
[use_missing: 1]
[zero_as_missing: 0]
[feature_pre_filter: 1]
[pre_partition: 0]
[two_round: 0]
[header: 0]
[label_column: ]
[weight_column: ]
[group_column: ]
[ignore_column: ]
[categorical_feature: 9]
[forcedbins_filename: ]
[precise_float_parser: 0]
[parser_config_file: ]
[objective_seed: 16083]
[num_class: 1]
[is_unbalance: 0]
[scale_pos_weight: 1]
[sigmoid: 1]
[boost_from_average: 1]
[reg_sqrt: 0]
[alpha: 0.9]
[fair_c: 1]
[poisson_max_delta_step: 0.7]
[tweedie_variance_power: 1.5]
[lambdarank_truncation_level: 30]
[lambdarank_norm: 1]
[label_gain: ]
[lambdarank_position_bias_regularization: 0]
[eval_at: ]
[multi_error_top_k: 1]
[auc_mu_weights: ]
[num_machines: 1]
[local_listen_port: 12400]
[time_out: 120]
[machine_list_filename: ]
[machines: ]
[gpu_platform_id: -1]
[gpu_device_id: -1]
[gpu_use_dp: 0]
[num_gpu: 1]

end of parameters

pandas_categorical:null
